Date, Open, Close, High, Low, Volume
2021-02-03T05:00:00Z,25.220000,25.400000,25.400000,25.200000,1165
2021-02-04T05:00:00Z,24.840000,25.126300,25.150000,24.840000,10170
2021-02-05T05:00:00Z,25.138800,25.138800,25.138800,25.138800,1779
2021-02-08T05:00:00Z,25.145700,25.140000,25.149800,25.140000,2602
2021-02-09T05:00:00Z,25.140000,25.140000,25.140000,25.140000,0
2021-02-10T05:00:00Z,25.122500,25.122500,25.122500,25.122500,701
2021-02-11T05:00:00Z,25.140000,25.130000,25.140000,25.130000,1307
2021-02-12T05:00:00Z,25.130000,25.130000,25.130000,25.130000,498
2021-02-16T05:00:00Z,25.130000,25.130000,25.130000,25.130000,336
2021-02-17T05:00:00Z,25.140000,25.140000,25.140000,25.140000,371
2021-02-18T05:00:00Z,25.132700,25.140000,25.140000,25.132700,241
2021-02-19T05:00:00Z,25.140000,25.140000,25.140000,25.140000,0
2021-02-22T05:00:00Z,25.090000,25.090000,25.090000,25.090000,608
2021-02-23T05:00:00Z,25.060000,25.080000,25.080000,25.060000,509
2021-02-24T05:00:00Z,25.079700,25.068500,25.080000,25.068500,1609
2021-02-25T05:00:00Z,25.070000,25.080000,25.080000,25.070000,433
2021-02-26T05:00:00Z,25.070000,25.073000,25.073000,25.060000,1028
2021-03-01T05:00:00Z,25.050000,25.053200,25.053200,25.041000,781
2021-03-02T05:00:00Z,25.053200,25.053200,25.053200,25.053200,0
2021-03-03T05:00:00Z,25.074000,25.074000,25.074000,25.074000,297
2021-03-04T05:00:00Z,25.090000,25.080000,25.090000,25.080000,590
2021-03-05T05:00:00Z,25.100000,25.081000,25.100000,25.080000,3735
2021-03-08T05:00:00Z,25.100000,25.070000,25.100000,25.070000,12986
2021-03-09T05:00:00Z,25.060000,25.060000,25.060000,25.050000,12501
2021-03-10T05:00:00Z,25.090000,25.090000,25.090000,25.075000,1944
2021-03-11T05:00:00Z,25.090000,25.086500,25.090000,25.086500,557
2021-03-12T05:00:00Z,25.076000,25.080000,25.080000,25.076000,652
2021-03-15T05:00:00Z,25.080000,25.080000,25.080000,25.080000,0
2021-03-16T05:00:00Z,25.080000,25.080000,25.080000,25.080000,0
2021-03-17T05:00:00Z,25.080000,25.080000,25.080000,25.080000,0
2021-03-18T04:00:00Z,25.080000,25.080000,25.080000,25.080000,242
2021-03-19T04:00:00Z,25.080000,25.080000,25.080000,25.080000,0
2021-03-22T04:00:00Z,25.080000,25.080000,25.080000,25.080000,0
2021-03-23T04:00:00Z,25.070000,25.060000,25.089900,25.060000,15012
2021-03-24T04:00:00Z,25.070000,25.070000,25.070000,25.070000,522
2021-03-25T04:00:00Z,25.070000,25.070000,25.070000,25.070000,0
2021-03-26T04:00:00Z,25.070000,25.070000,25.070000,25.070000,0
2021-03-29T04:00:00Z,25.050000,25.050000,25.050000,25.050000,500
2021-03-30T04:00:00Z,25.050000,25.070000,25.070000,25.050000,15492
2021-03-31T04:00:00Z,25.070000,25.070000,25.070000,25.070000,0
2021-04-01T04:00:00Z,25.050000,25.040000,25.040000,25.040000,105
2021-04-05T04:00:00Z,25.050000,25.040000,25.040000,25.040000,65
2021-04-06T04:00:00Z,25.050000,25.055000,25.055000,25.050000,5235
2021-04-07T04:00:00Z,25.040000,25.050000,25.060000,25.050000,772
2021-04-08T04:00:00Z,25.060000,25.050000,25.060000,25.050000,181
2021-04-09T04:00:00Z,25.060000,25.050000,25.060000,25.050000,102
2021-04-12T04:00:00Z,25.060000,25.050000,25.050000,25.050000,6
2021-04-13T04:00:00Z,25.050000,25.040000,25.050000,25.030000,4001
2021-04-14T04:00:00Z,25.050000,25.040000,25.050000,25.040000,195
2021-04-15T04:00:00Z,25.040000,25.050000,25.050000,25.040000,854
2021-04-16T04:00:00Z,25.060000,25.050000,25.060000,25.050000,2255
2021-04-19T04:00:00Z,25.060000,25.050000,25.050000,25.050000,78
2021-04-20T04:00:00Z,25.060000,25.050000,25.060000,25.040000,1288
2021-04-21T04:00:00Z,25.050000,25.040000,25.041900,25.040000,114
2021-04-22T04:00:00Z,25.050000,25.040000,25.050000,25.040000,201
2021-04-23T04:00:00Z,25.050000,25.045000,25.050000,25.042700,241
2021-04-26T04:00:00Z,25.040000,25.035000,25.040000,25.035000,189
2021-04-27T04:00:00Z,25.035200,25.035000,25.040000,25.035000,1416
2021-04-28T04:00:00Z,25.050000,25.040000,25.125000,25.020000,8210
2021-04-29T04:00:00Z,25.050000,25.040000,25.050000,25.040000,562
2021-04-30T04:00:00Z,25.050000,25.040000,25.040000,25.040000,60
2021-05-03T04:00:00Z,25.005000,25.005000,25.005000,25.005000,328
2021-05-04T04:00:00Z,25.030000,25.020000,25.030000,25.020000,2006
2021-05-05T04:00:00Z,25.008200,24.985000,25.010000,24.970000,37496
2021-05-06T04:00:00Z,24.980000,25.000000,25.000000,25.000000,107
2021-05-07T04:00:00Z,24.990000,24.990000,24.990000,24.990000,21
2021-05-10T04:00:00Z,24.980000,25.010000,25.011000,25.010000,122
2021-05-11T04:00:00Z,25.020000,25.010000,25.020000,25.010000,151
2021-05-12T04:00:00Z,25.020000,25.000000,25.020000,24.999000,1829
2021-05-13T04:00:00Z,25.020000,25.005000,25.200000,25.005000,330
2021-05-14T04:00:00Z,25.020000,25.005000,25.020000,25.005000,182
2021-05-17T04:00:00Z,25.020000,25.005000,25.005000,25.005000,44
2021-05-18T04:00:00Z,25.020000,25.005000,25.020000,25.005000,467
2021-05-19T04:00:00Z,25.005000,25.005000,25.020000,24.990000,7629
2021-05-20T04:00:00Z,25.000000,25.015000,25.015000,25.000000,1177
2021-05-21T04:00:00Z,25.015000,25.015000,25.015000,25.015000,100
2021-05-24T04:00:00Z,25.001000,25.013400,25.017900,24.910000,3360
2021-05-25T04:00:00Z,25.030000,25.020000,25.020000,25.000000,9282
2021-05-26T04:00:00Z,25.030000,25.015000,25.015000,25.015000,34
2021-05-27T04:00:00Z,25.000000,25.015000,25.030000,25.000000,1397
2021-05-28T04:00:00Z,25.030000,25.005000,25.020000,25.005000,3421
2021-06-01T04:00:00Z,25.000000,24.985000,25.000000,24.970000,10447
2021-06-02T04:00:00Z,24.990000,24.997000,24.997000,24.997000,105
2021-06-03T04:00:00Z,24.981000,24.995000,25.010000,24.995000,148
2021-06-04T04:00:00Z,25.010000,24.995000,25.010000,24.995000,238
2021-06-07T04:00:00Z,25.010000,24.995000,24.995000,24.995000,9
2021-06-08T04:00:00Z,24.990000,24.995000,25.010000,24.995000,112
2021-06-09T04:00:00Z,24.990000,25.010000,25.010000,25.010000,16
2021-06-10T04:00:00Z,25.020000,25.005000,25.020000,25.005000,612
2021-06-11T04:00:00Z,25.000000,25.010000,25.010000,25.010000,24
2021-06-14T04:00:00Z,24.990000,25.010000,25.010000,25.006000,166
2021-06-15T04:00:00Z,25.020000,25.010000,25.010000,25.010000,7
2021-06-16T04:00:00Z,25.020000,25.015000,25.020000,25.015000,133
2021-06-17T04:00:00Z,25.020000,25.015000,25.020000,25.015000,205
2021-06-18T04:00:00Z,25.030000,25.040000,25.040000,25.030000,599
2021-06-21T04:00:00Z,25.030000,25.020000,25.030000,25.020000,986
2021-06-22T04:00:00Z,25.010100,25.025000,25.030000,25.010100,2220
2021-06-23T04:00:00Z,25.000000,25.005000,25.040000,25.000000,1813
2021-06-24T04:00:00Z,25.001000,25.020000,25.020000,25.020000,70
2021-06-25T04:00:00Z,25.000000,25.015000,25.040000,25.015000,1231
2021-06-28T04:00:00Z,25.030000,25.020000,25.040000,25.010000,1402
2021-06-29T04:00:00Z,25.040000,25.020000,25.040000,25.020000,2780
2021-06-30T04:00:00Z,25.040000,25.025000,25.040000,25.010100,3121
2021-07-01T04:00:00Z,25.010000,24.995000,24.995000,24.995000,52
2021-07-02T04:00:00Z,24.980000,25.000000,25.000000,24.980000,494
2021-07-06T04:00:00Z,25.005000,25.005000,25.005000,25.005000,433
2021-07-07T04:00:00Z,25.000000,25.005000,25.005000,25.000000,115
2021-07-08T04:00:00Z,25.010000,25.005000,25.005000,25.005000,82
2021-07-09T04:00:00Z,24.990000,25.005000,25.005000,24.990000,612
2021-07-12T04:00:00Z,24.990000,25.005000,25.005000,25.005000,35
2021-07-13T04:00:00Z,25.010000,25.000000,25.010000,25.000000,2206
2021-07-14T04:00:00Z,25.000000,25.010000,25.010000,25.010000,354
2021-07-15T04:00:00Z,25.020000,25.010000,25.010000,25.010000,22
2021-07-16T04:00:00Z,25.014000,25.010000,25.014000,25.010000,1025
2021-07-19T04:00:00Z,25.000000,25.015000,25.020000,25.000000,3124
2021-07-20T04:00:00Z,25.030000,25.015000,25.020900,25.015000,1306
2021-07-21T04:00:00Z,25.018700,25.015000,25.018700,25.000100,1400
2021-07-22T04:00:00Z,25.010000,25.020000,25.020000,25.020000,2
2021-07-23T04:00:00Z,25.020000,25.020000,25.020000,25.020000,14
2021-07-26T04:00:00Z,25.030000,25.020000,25.020000,25.020000,479
2021-07-27T04:00:00Z,25.010000,25.020000,25.029900,24.990000,1551
2021-07-28T04:00:00Z,25.017700,25.020000,25.020000,25.017700,940
2021-07-29T04:00:00Z,25.040000,25.025000,25.025000,25.020000,588
2021-07-30T04:00:00Z,25.025000,25.025000,25.025000,25.025000,0
2021-08-02T04:00:00Z,25.010000,25.000000,25.000000,25.000000,23
