Date, Open, Close, High, Low, Volume
2021-02-03T05:00:00Z,24.880700,24.894700,24.930000,24.880000,8133
2021-02-04T05:00:00Z,24.910000,24.880000,24.910000,24.880000,1481
2021-02-05T05:00:00Z,24.901000,24.895000,24.901000,24.880000,5274
2021-02-08T05:00:00Z,24.900000,24.894900,24.919600,24.894900,2033
2021-02-09T05:00:00Z,24.910000,24.895000,24.910000,24.895000,2869
2021-02-10T05:00:00Z,24.895000,24.900000,24.900000,24.895000,407
2021-02-11T05:00:00Z,24.900000,24.870000,24.910000,24.870000,8565
2021-02-12T05:00:00Z,24.930000,24.910000,24.930000,24.890000,4816
2021-02-16T05:00:00Z,24.885200,24.900000,24.900000,24.870000,11972
2021-02-17T05:00:00Z,24.870000,24.900000,24.920000,24.860000,18669
2021-02-18T05:00:00Z,24.900000,24.875000,24.910000,24.870000,5380
2021-02-19T05:00:00Z,24.870100,24.940000,24.940000,24.870000,54773
2021-02-22T05:00:00Z,24.930000,24.875000,24.930000,24.875000,4593
2021-02-23T05:00:00Z,24.904200,24.890000,24.920000,24.880000,2895
2021-02-24T05:00:00Z,24.900000,24.890000,24.900000,24.890000,30174
2021-02-25T05:00:00Z,24.882500,24.880000,24.900000,24.880000,2869
2021-02-26T05:00:00Z,24.900000,24.930000,24.930000,24.885000,5094
2021-03-01T05:00:00Z,24.899100,24.910000,24.910000,24.899100,887
2021-03-02T05:00:00Z,24.900000,24.880000,24.900000,24.860000,6838
2021-03-03T05:00:00Z,24.900000,24.920000,24.920000,24.895000,9407
2021-03-04T05:00:00Z,24.907800,24.880000,24.912700,24.880000,1198
2021-03-05T05:00:00Z,24.910000,24.880100,24.920000,24.880000,5626
2021-03-08T05:00:00Z,24.895000,24.910000,24.910000,24.895000,4969
2021-03-09T05:00:00Z,24.890800,24.890000,24.901400,24.880000,6820
2021-03-10T05:00:00Z,24.885000,24.890000,24.897300,24.885000,3449
2021-03-11T05:00:00Z,24.880100,24.880000,24.885000,24.880000,3112
2021-03-12T05:00:00Z,24.880000,24.890000,24.890000,24.880000,2004
2021-03-15T04:00:00Z,24.890000,24.920000,24.920000,24.890000,6244
2021-03-16T04:00:00Z,24.890000,24.905000,24.905000,24.890000,1819
2021-03-17T04:00:00Z,24.920000,24.920000,24.920000,24.920000,634
2021-03-18T04:00:00Z,24.860000,24.900000,24.910000,24.860000,4683
2021-03-19T04:00:00Z,24.890000,24.900000,24.900000,24.870000,3779
2021-03-22T04:00:00Z,24.870000,24.904100,24.910800,24.870000,6860
2021-03-23T04:00:00Z,24.895000,24.896300,24.900000,24.871000,2262
2021-03-24T04:00:00Z,24.885000,24.900000,24.913000,24.885000,1369
2021-03-25T04:00:00Z,24.895000,24.883000,24.910000,24.883000,406
2021-03-26T04:00:00Z,24.881000,24.896600,24.896600,24.881000,586
2021-03-29T04:00:00Z,24.887300,24.880000,24.887300,24.880000,1858
2021-03-30T04:00:00Z,24.886600,24.870100,24.900000,24.870000,10231
2021-03-31T04:00:00Z,24.870000,24.880000,24.880000,24.870000,2391
2021-04-01T04:00:00Z,24.870000,24.880000,24.890000,24.870000,578
2021-04-05T04:00:00Z,24.870000,24.875000,24.889000,24.870000,2091
2021-04-06T04:00:00Z,24.890000,24.920000,24.920000,24.890000,11163
2021-04-07T04:00:00Z,24.910000,24.890000,24.920000,24.880000,688
2021-04-08T04:00:00Z,24.908000,24.940000,24.940000,24.880000,13202
2021-04-09T04:00:00Z,24.880000,24.886600,24.929000,24.870000,5216
2021-04-12T04:00:00Z,24.860000,24.880000,24.882300,24.860000,10087
2021-04-13T04:00:00Z,24.875000,24.870000,24.889700,24.870000,3982
2021-04-14T04:00:00Z,24.870000,24.875000,24.890000,24.860000,2199
2021-04-15T04:00:00Z,24.890000,24.910000,24.913000,24.860400,4310
2021-04-16T04:00:00Z,24.940000,24.890000,24.919900,24.883000,5238
2021-04-19T04:00:00Z,24.860000,24.900000,24.920000,24.860000,1076
2021-04-20T04:00:00Z,24.910000,24.890000,24.910000,24.890000,2450
2021-04-21T04:00:00Z,24.910000,24.890000,24.890000,24.860000,5225
2021-04-22T04:00:00Z,24.890000,24.890000,24.900000,24.810000,19194
2021-04-23T04:00:00Z,24.880000,24.900000,24.900000,24.860000,4095
2021-04-26T04:00:00Z,25.050000,24.900000,24.900000,24.900000,457
2021-04-27T04:00:00Z,24.900000,24.900000,24.900000,24.900000,0
2021-04-28T04:00:00Z,24.900000,24.909800,24.910000,24.890000,512
2021-04-29T04:00:00Z,24.900000,24.890000,24.930000,24.870000,19099
2021-04-30T04:00:00Z,24.910000,24.885000,24.885000,24.885000,51
2021-05-03T04:00:00Z,24.890000,24.895000,24.910000,24.870500,5876
2021-05-04T04:00:00Z,24.890000,24.890000,24.909000,24.890000,406
2021-05-05T04:00:00Z,24.890000,24.900000,24.920000,24.890000,30654
2021-05-06T04:00:00Z,24.890000,24.905000,24.905000,24.890000,6362
2021-05-07T04:00:00Z,24.910000,24.900000,24.910000,24.900000,6460
2021-05-10T04:00:00Z,24.890000,24.900000,24.909000,24.890000,4096
2021-05-11T04:00:00Z,24.909000,24.900000,24.910000,24.890100,1199
2021-05-12T04:00:00Z,24.910000,24.900000,24.920000,24.890100,5608
2021-05-13T04:00:00Z,24.910000,24.898900,24.910000,24.890000,1339
2021-05-14T04:00:00Z,24.890000,24.900000,24.900000,24.890000,508
2021-05-17T04:00:00Z,24.900000,24.900000,24.904000,24.900000,893
2021-05-18T04:00:00Z,24.900000,24.900000,24.900000,24.900000,43
2021-05-19T04:00:00Z,24.890000,24.895000,24.910000,24.890100,7009
2021-05-20T04:00:00Z,24.895000,24.895000,24.895000,24.890000,1559
2021-05-21T04:00:00Z,24.895000,24.895000,24.900000,24.890000,2225
2021-05-24T04:00:00Z,24.900000,24.870000,24.900000,24.870000,3497
2021-05-25T04:00:00Z,24.899000,24.895000,24.910000,24.895000,3908
2021-05-26T04:00:00Z,24.900000,24.890000,24.890000,24.880100,2345
2021-05-27T04:00:00Z,24.900000,24.895000,24.895000,24.895000,576
2021-05-28T04:00:00Z,24.900000,24.895000,24.895000,24.895000,401
2021-06-01T04:00:00Z,24.900000,24.895000,24.895000,24.890000,2008
2021-06-02T04:00:00Z,24.890000,24.890000,24.899000,24.883700,1730
2021-06-03T04:00:00Z,24.900000,24.890000,24.890000,24.880000,1570
2021-06-04T04:00:00Z,24.900000,24.890000,24.900000,24.881000,2024
2021-06-07T04:00:00Z,24.900000,24.890000,24.890000,24.880000,3720
2021-06-08T04:00:00Z,24.900000,24.890000,24.890000,24.890000,333
2021-06-09T04:00:00Z,24.900000,24.890000,24.890000,24.890000,146
2021-06-10T04:00:00Z,24.900000,24.890000,24.899000,24.890000,11511
2021-06-11T04:00:00Z,24.900000,24.890000,24.900000,24.880100,14161
2021-06-14T04:00:00Z,24.900000,24.875000,24.900000,24.860000,781
2021-06-15T04:00:00Z,24.900000,24.880000,24.900000,24.880000,4487
2021-06-16T04:00:00Z,24.900000,24.890000,24.890000,24.880100,2023
2021-06-17T04:00:00Z,24.900000,24.890000,24.890000,24.886000,279
2021-06-18T04:00:00Z,24.900000,24.890000,24.900000,24.883300,2597
2021-06-21T04:00:00Z,24.880000,24.890000,24.890000,24.880000,1614
2021-06-22T04:00:00Z,24.881000,24.890000,24.900000,24.883300,5232
2021-06-23T04:00:00Z,24.900000,24.890000,24.899000,24.890000,2201
2021-06-24T04:00:00Z,24.891000,24.890000,24.891000,24.890000,2008
2021-06-25T04:00:00Z,24.900000,24.895000,24.900000,24.890000,6484
2021-06-28T04:00:00Z,24.900000,24.890000,24.890100,24.880000,4054
2021-06-29T04:00:00Z,24.900000,24.890000,24.900000,24.880000,3798
2021-06-30T04:00:00Z,24.900000,24.890000,24.900000,24.880000,1418
2021-07-01T04:00:00Z,24.900000,24.890000,24.899900,24.880100,1665
2021-07-02T04:00:00Z,24.880000,24.890000,24.900000,24.890000,857
2021-07-06T04:00:00Z,24.900000,24.890000,24.890000,24.890000,875
2021-07-07T04:00:00Z,24.890000,24.890000,24.899800,24.880000,985
2021-07-08T04:00:00Z,24.881000,24.890000,24.899800,24.880000,6346
2021-07-09T04:00:00Z,24.880000,24.890000,24.890000,24.880000,163
2021-07-12T04:00:00Z,24.870000,24.880000,24.880000,24.870000,577
2021-07-13T04:00:00Z,24.880000,24.880000,24.890000,24.870000,11175
2021-07-14T04:00:00Z,24.890000,24.885000,24.889900,24.880000,916
2021-07-15T04:00:00Z,24.873400,24.885000,24.900000,24.870100,2913
2021-07-16T04:00:00Z,24.880000,24.890000,24.900000,24.880000,1769
2021-07-19T04:00:00Z,24.900000,24.890000,24.900000,24.880000,3757
2021-07-20T04:00:00Z,24.900000,24.875000,24.900000,24.864000,1128
2021-07-21T04:00:00Z,24.880000,24.884900,24.890000,24.880000,3818
2021-07-22T04:00:00Z,24.880000,24.890000,24.900000,24.883300,3521
2021-07-23T04:00:00Z,24.880000,24.880000,24.880000,24.873300,1710
2021-07-26T04:00:00Z,24.850000,24.885000,24.885000,24.850000,1982
2021-07-27T04:00:00Z,24.889000,24.880000,24.880000,24.880000,372
2021-07-28T04:00:00Z,24.880000,24.860000,24.860000,24.860000,23
2021-07-29T04:00:00Z,24.880000,24.865000,24.889400,24.865000,354
2021-07-30T04:00:00Z,24.890000,24.880000,24.890000,24.860100,1130
2021-08-02T04:00:00Z,24.870000,24.880000,24.880000,24.870000,328
