Date, Open, Close, High, Low, Volume
2018-01-02T05:00:00Z,23.690000,24.030000,24.190000,23.520000,45407
2018-01-03T05:00:00Z,23.960000,24.490000,24.740000,23.960000,60791
2018-01-04T05:00:00Z,24.570000,24.550000,24.600000,24.250000,29549
2018-01-05T05:00:00Z,24.480000,24.300000,24.500000,24.020000,27403
2018-01-08T05:00:00Z,24.300000,24.490000,24.720000,24.051000,38255
2018-01-09T05:00:00Z,24.540000,24.300000,24.740000,24.200000,22525
2018-01-10T05:00:00Z,24.300000,23.970000,24.560600,23.750000,34431
2018-01-11T05:00:00Z,24.070000,24.140000,24.491200,23.906400,15175
2018-01-12T05:00:00Z,24.170000,24.160000,24.475000,23.808600,30138
2018-01-16T05:00:00Z,24.220000,24.180000,24.570000,24.000000,63887
2018-01-17T05:00:00Z,24.150000,23.960000,24.414300,23.934000,23990
2018-01-18T05:00:00Z,24.110000,23.490000,24.110000,23.252300,38508
2018-01-19T05:00:00Z,23.410000,24.000000,24.000000,23.300000,51183
2018-01-22T05:00:00Z,23.850000,24.300000,24.320000,23.800000,36944
2018-01-23T05:00:00Z,24.280000,24.510000,24.510000,24.085000,23788
2018-01-24T05:00:00Z,24.280000,24.020000,24.307800,23.980000,69188
2018-01-25T05:00:00Z,24.020000,24.020000,24.200000,24.020000,26151
2018-01-26T05:00:00Z,24.290000,23.970000,24.290000,23.870000,39933
2018-01-29T05:00:00Z,24.000000,23.630000,24.070000,23.540000,66563
2018-01-30T05:00:00Z,23.500000,23.890000,23.891900,23.500000,37876
2018-01-31T05:00:00Z,23.750000,24.230000,24.280000,23.750000,579140
2018-02-01T05:00:00Z,24.180000,24.470000,24.934700,24.124000,72144
2018-02-02T05:00:00Z,23.820000,23.820000,23.990000,23.400000,52801
2018-02-05T05:00:00Z,23.550000,23.000000,23.570000,23.000000,32596
2018-02-06T05:00:00Z,22.880000,22.870000,23.510000,22.620000,58331
2018-02-07T05:00:00Z,23.000000,23.200000,23.460400,22.691000,10924
2018-02-08T05:00:00Z,23.260000,22.580000,23.333100,22.580000,34292
2018-02-09T05:00:00Z,22.440000,22.780000,23.230000,21.310000,131438
2018-02-12T05:00:00Z,23.190000,23.410000,23.490000,22.635000,73622
2018-02-13T05:00:00Z,23.460000,23.850000,23.935000,22.950000,213802
2018-02-14T05:00:00Z,23.810000,23.300000,23.842700,22.890000,95096
2018-02-15T05:00:00Z,23.340000,23.270000,23.520000,22.965000,43889
2018-02-16T05:00:00Z,23.270000,23.270000,23.446800,22.650000,42959
2018-02-20T05:00:00Z,23.190000,23.340000,23.455600,23.000000,49789
2018-02-21T05:00:00Z,23.430000,23.360000,23.430000,23.147500,36121
2018-02-22T05:00:00Z,23.400000,23.840000,23.850000,23.256500,48693
2018-02-23T05:00:00Z,23.800000,23.930000,24.370000,23.585000,34672
2018-02-26T05:00:00Z,23.970000,24.120000,24.400000,23.798500,57013
2018-02-27T05:00:00Z,24.000000,24.180000,24.500000,23.751000,229766
2018-02-28T05:00:00Z,23.610000,23.510000,24.220000,23.505000,83233
2018-03-01T05:00:00Z,23.600000,23.350000,23.985000,22.630000,69973
2018-03-02T05:00:00Z,23.060000,23.020000,23.110000,22.460000,65734
2018-03-05T05:00:00Z,22.880000,22.640000,23.070000,22.375000,24439
2018-03-06T05:00:00Z,22.620000,22.650000,22.910000,22.300000,41282
2018-03-07T05:00:00Z,22.400000,22.550000,22.790000,22.400000,20138
2018-03-08T05:00:00Z,22.480000,22.360000,22.670000,22.190000,46558
2018-03-09T05:00:00Z,22.330000,22.460000,22.670000,22.301000,30582
2018-03-12T04:00:00Z,22.580000,22.730000,23.170000,22.350000,28921
2018-03-13T04:00:00Z,22.620000,22.570000,22.736700,22.385000,32183
2018-03-14T04:00:00Z,22.500000,22.180000,22.694000,22.150000,48215
2018-03-15T04:00:00Z,22.100000,21.700000,22.210000,20.900000,117280
2018-03-16T04:00:00Z,21.490000,21.830000,22.035000,21.460000,58439
2018-03-19T04:00:00Z,21.820000,21.210000,21.874700,20.690000,63488
2018-03-20T04:00:00Z,21.260000,20.990000,21.260000,20.551000,68407
2018-03-21T04:00:00Z,21.130000,20.900000,21.130000,20.700000,22843
2018-03-22T04:00:00Z,20.850000,20.880000,21.860000,20.544200,79410
2018-03-23T04:00:00Z,20.830000,20.570000,21.210000,20.550000,22887
2018-03-26T04:00:00Z,20.840000,20.510000,21.055400,20.050000,57160
2018-03-27T04:00:00Z,20.550000,20.560000,20.760000,20.350000,51254
2018-03-28T04:00:00Z,20.580000,20.340000,20.750000,20.070000,14521
2018-03-29T04:00:00Z,20.340000,20.560000,20.780000,20.198300,78558
2018-04-02T04:00:00Z,20.590000,20.390000,21.170000,20.100000,68087
2018-04-03T04:00:00Z,20.450000,20.550000,20.799000,20.170000,12904
2018-04-04T04:00:00Z,20.450000,20.580000,20.580000,20.220000,12983
2018-04-05T04:00:00Z,20.580000,20.610000,20.960000,20.500100,19764
2018-04-06T04:00:00Z,20.570000,20.440000,20.746500,20.150000,25351
2018-04-09T04:00:00Z,20.460000,20.300000,20.522000,20.270000,32108
2018-04-10T04:00:00Z,20.410000,21.100000,21.650000,20.350000,48004
2018-04-11T04:00:00Z,21.250000,21.590000,21.600000,21.135200,27163
2018-04-12T04:00:00Z,21.670000,21.000000,21.670000,20.960000,38420
2018-04-13T04:00:00Z,21.000000,20.990000,21.424700,20.685000,66690
2018-04-16T04:00:00Z,21.120000,21.640000,21.690000,20.890000,29311
2018-04-17T04:00:00Z,21.650000,21.950000,22.100000,21.623100,27394
2018-04-18T04:00:00Z,21.870000,21.820000,22.190000,21.440000,103296
2018-04-19T04:00:00Z,21.730000,21.900000,22.290000,21.453900,50506
2018-04-20T04:00:00Z,21.800000,21.840000,22.371200,21.420000,26247
2018-04-23T04:00:00Z,21.850000,21.770000,21.951200,21.515000,26126
2018-04-24T04:00:00Z,21.850000,21.200000,21.969900,20.780000,41577
2018-04-25T04:00:00Z,21.150000,21.040000,21.150000,20.610000,21173
2018-04-26T04:00:00Z,21.000000,20.900000,21.120000,20.900000,28492
2018-04-27T04:00:00Z,20.980000,20.890000,21.120000,20.500000,38925
2018-04-30T04:00:00Z,20.800000,21.450000,21.450000,20.800000,67632
2018-05-01T04:00:00Z,21.410000,21.330000,21.750000,21.120000,17150
2018-05-02T04:00:00Z,21.460000,22.050000,22.210000,21.250000,183862
2018-05-03T04:00:00Z,22.160000,21.800000,22.160000,21.660000,20601
2018-05-04T04:00:00Z,21.600000,21.700000,21.852400,21.410000,28490
2018-05-07T04:00:00Z,21.640000,21.700000,22.140000,21.260000,61303
2018-05-08T04:00:00Z,19.330000,17.770000,19.330000,17.280000,282923
2018-05-09T04:00:00Z,17.780000,18.010000,18.520000,17.650000,95486
2018-05-10T04:00:00Z,18.020000,18.340000,18.850000,17.946300,125988
2018-05-11T04:00:00Z,18.320000,17.780000,18.490000,17.660000,117366
2018-05-14T04:00:00Z,17.750000,18.500000,18.750000,17.750000,118947
2018-05-15T04:00:00Z,18.700000,18.410000,18.700000,18.261000,66614
2018-05-16T04:00:00Z,18.350000,18.440000,18.750000,18.200000,123064
2018-05-17T04:00:00Z,18.000000,17.490000,18.110000,17.250000,118080
2018-05-18T04:00:00Z,17.450000,17.340000,17.519500,17.260000,47835
2018-05-21T04:00:00Z,17.410000,17.300000,17.490000,17.260000,66406
2018-05-22T04:00:00Z,17.320000,17.430000,17.531900,17.260000,124440
2018-05-23T04:00:00Z,17.450000,17.440000,17.580000,17.326000,69260
2018-05-24T04:00:00Z,17.440000,17.420000,17.530000,17.330000,54791
2018-05-25T04:00:00Z,17.510000,17.370000,17.595800,17.050000,106514
2018-05-29T04:00:00Z,17.370000,17.380000,17.730000,17.220000,44412
2018-05-30T04:00:00Z,17.390000,17.200000,17.390000,17.000000,74203
2018-05-31T04:00:00Z,17.180000,17.260000,17.392800,17.070000,140750
2018-06-01T04:00:00Z,17.170000,17.300000,17.314800,17.140000,86668
2018-06-04T04:00:00Z,17.310000,17.260000,17.380000,17.180000,60705
2018-06-05T04:00:00Z,17.280000,17.320000,17.395200,17.200000,103661
2018-06-06T04:00:00Z,17.330000,17.280000,17.360000,17.220000,58556
2018-06-07T04:00:00Z,17.300000,17.080000,17.340000,16.880000,72417
2018-06-08T04:00:00Z,17.120000,16.390000,17.120000,16.010000,171929
2018-06-11T04:00:00Z,16.500000,16.700000,16.720000,15.500000,239450
2018-06-12T04:00:00Z,16.560000,16.860000,17.000000,16.470000,175069
2018-06-13T04:00:00Z,16.890000,16.190000,16.890000,16.000000,128022
2018-06-14T04:00:00Z,16.100000,16.170000,16.400000,15.950000,151845
2018-06-15T04:00:00Z,16.140000,15.840000,16.190000,15.760000,74957
2018-06-18T04:00:00Z,15.840000,16.250000,16.300000,15.800000,66592
2018-06-19T04:00:00Z,16.060000,16.520000,16.970000,16.015000,57597
2018-06-20T04:00:00Z,16.500000,16.940000,17.350000,16.491200,67351
2018-06-21T04:00:00Z,16.930000,16.930000,17.215400,16.760000,43615
2018-06-22T04:00:00Z,17.070000,17.070000,17.290000,16.793800,46548
2018-06-25T04:00:00Z,17.160000,16.950000,17.164900,16.801800,33544
2018-06-26T04:00:00Z,17.030000,16.960000,17.249900,16.861000,45052
2018-06-27T04:00:00Z,17.000000,16.990000,17.189000,16.740000,98617
2018-06-28T04:00:00Z,16.750000,16.680000,16.930000,16.517000,19478
2018-06-29T04:00:00Z,16.810000,16.880000,16.880000,16.700000,13413
2018-07-02T04:00:00Z,16.920000,16.890000,17.000000,16.583000,30844
2018-07-03T04:00:00Z,16.890000,16.910000,17.200000,16.782200,43606
2018-07-05T04:00:00Z,17.000000,17.040000,17.317300,16.841100,18517
2018-07-06T04:00:00Z,17.050000,17.170000,17.309000,17.020000,18680
2018-07-09T04:00:00Z,17.280000,17.270000,17.400000,17.215000,39264
2018-07-10T04:00:00Z,17.240000,17.310000,17.436200,17.160100,168779
2018-07-11T04:00:00Z,17.260000,17.300000,17.510000,17.260000,26238
2018-07-12T04:00:00Z,17.250000,17.150000,17.340000,17.150000,40827
2018-07-13T04:00:00Z,17.240000,17.400000,17.680000,17.221300,36576
2018-07-16T04:00:00Z,17.370000,17.650000,17.650000,17.300000,57736
2018-07-17T04:00:00Z,17.640000,17.520000,17.990000,17.445300,85378
2018-07-18T04:00:00Z,17.500000,17.720000,17.850000,17.500000,52616
2018-07-19T04:00:00Z,17.720000,18.200000,18.410000,17.720000,52596
2018-07-20T04:00:00Z,18.200000,17.710000,18.260000,17.586100,86194
2018-07-23T04:00:00Z,17.700000,17.410000,17.790000,17.360000,72539
2018-07-24T04:00:00Z,17.370000,17.600000,17.681400,17.370000,38365
2018-07-25T04:00:00Z,17.600000,17.800000,17.810000,17.453100,44004
2018-07-26T04:00:00Z,17.680000,18.100000,18.330000,17.578200,62751
2018-07-27T04:00:00Z,18.080000,17.790000,18.170000,17.613000,132431
2018-07-30T04:00:00Z,17.810000,17.820000,17.980000,17.626200,53510
2018-07-31T04:00:00Z,17.860000,17.700000,17.934000,17.606200,39782
2018-08-01T04:00:00Z,17.720000,18.040000,18.140000,17.563900,160786
2018-08-02T04:00:00Z,17.930000,18.310000,18.460000,17.770100,177254
2018-08-03T04:00:00Z,17.750000,18.150000,18.150000,17.750000,42947
2018-08-06T04:00:00Z,18.100000,17.500000,18.100000,17.250000,94684
2018-08-07T04:00:00Z,17.300000,17.610000,17.890000,17.130000,52375
2018-08-08T04:00:00Z,17.620000,17.650000,17.690000,17.300000,93907
2018-08-09T04:00:00Z,17.690000,18.150000,18.290000,17.690000,89359
2018-08-10T04:00:00Z,18.060000,18.370000,18.480000,17.830000,39467
2018-08-13T04:00:00Z,18.470000,18.110000,18.470000,17.791200,76783
2018-08-14T04:00:00Z,18.480000,18.220000,18.500000,17.910000,110007
2018-08-15T04:00:00Z,18.020000,17.900000,18.149600,17.530000,41812
2018-08-16T04:00:00Z,17.980000,17.950000,18.150000,17.865600,19854
2018-08-17T04:00:00Z,17.900000,18.010000,18.100000,17.900000,66124
2018-08-20T04:00:00Z,18.020000,18.270000,18.400000,17.910000,120800
2018-08-21T04:00:00Z,18.280000,18.600000,18.730000,18.176400,115785
2018-08-22T04:00:00Z,18.640000,19.010000,19.200000,18.520000,74910
2018-08-23T04:00:00Z,18.880000,18.820000,19.000000,18.550100,34609
2018-08-24T04:00:00Z,18.750000,18.850000,19.121000,18.682800,59475
2018-08-27T04:00:00Z,18.990000,18.750000,18.990000,18.470000,24718
2018-08-28T04:00:00Z,18.750000,18.630000,18.890600,18.582800,43686
2018-08-29T04:00:00Z,18.540000,18.120000,18.849900,18.075000,30376
2018-08-30T04:00:00Z,18.100000,18.240000,18.615300,18.100000,36873
2018-08-31T04:00:00Z,18.220000,18.130000,18.380000,18.100000,15011
2018-09-04T04:00:00Z,18.050000,18.320000,18.420000,18.050000,71173
2018-09-05T04:00:00Z,18.200000,18.450000,18.560000,18.150000,42490
2018-09-06T04:00:00Z,18.450000,18.390000,18.750000,18.260000,38262
2018-09-07T04:00:00Z,18.310000,18.350000,18.697500,18.150000,14552
2018-09-10T04:00:00Z,18.340000,18.540000,18.640000,18.284700,44505
2018-09-11T04:00:00Z,18.530000,18.490000,18.540000,18.297600,12091
2018-09-12T04:00:00Z,18.470000,18.590000,18.641900,18.470000,8633
2018-09-13T04:00:00Z,18.660000,18.600000,18.680000,18.467900,5611
2018-09-14T04:00:00Z,18.630000,18.520000,18.630000,18.341100,12945
2018-09-17T04:00:00Z,18.500000,18.520000,18.520000,18.370000,15208
2018-09-18T04:00:00Z,18.520000,18.280000,18.675000,18.210000,20598
2018-09-19T04:00:00Z,18.230000,17.980000,18.340000,17.910000,55304
2018-09-20T04:00:00Z,17.970000,18.080000,18.180000,17.870000,34408
2018-09-21T04:00:00Z,18.080000,18.110000,18.290000,18.000000,24638
2018-09-24T04:00:00Z,18.000000,17.880000,18.148600,17.880000,31748
2018-09-25T04:00:00Z,17.880000,17.910000,17.910000,17.560000,40103
2018-09-26T04:00:00Z,17.760000,17.840000,18.250000,17.550000,60704
2018-09-27T04:00:00Z,17.830000,17.880000,17.920000,17.620000,22083
2018-09-28T04:00:00Z,17.810000,18.100000,18.300000,17.740000,36724
2018-10-01T04:00:00Z,18.200000,18.330000,18.390000,17.960000,35015
2018-10-02T04:00:00Z,18.210000,18.290000,18.410000,18.080000,193832
2018-10-03T04:00:00Z,18.310000,18.350000,18.498600,18.042600,226958
2018-10-04T04:00:00Z,18.280000,18.100000,18.439400,18.000000,17966
2018-10-05T04:00:00Z,18.140000,18.170000,18.370000,17.850000,28177
2018-10-08T04:00:00Z,18.180000,18.250000,18.322700,18.099200,17547
2018-10-09T04:00:00Z,18.240000,18.300000,18.500000,18.240000,16390
2018-10-10T04:00:00Z,18.113500,18.120000,18.480000,17.960000,288086
2018-10-11T04:00:00Z,18.170000,18.050000,18.350000,17.838800,119070
2018-10-12T04:00:00Z,18.180000,17.880000,18.200000,17.660000,58310
2018-10-15T04:00:00Z,17.820000,17.780000,17.870000,17.620000,30206
2018-10-16T04:00:00Z,17.840000,18.120000,18.190000,17.700000,45065
2018-10-17T04:00:00Z,18.080000,17.800000,18.080000,17.610000,33783
2018-10-18T04:00:00Z,17.750000,17.720000,17.880000,17.601200,33225
2018-10-19T04:00:00Z,17.730000,17.770000,17.921400,17.625000,25107
2018-10-22T04:00:00Z,17.800000,17.170000,17.800000,17.055000,31059
2018-10-23T04:00:00Z,17.050000,16.960000,17.070000,16.660000,34683
2018-10-24T04:00:00Z,17.000000,16.750000,17.230000,16.700000,29235
2018-10-25T04:00:00Z,16.900000,16.850000,17.050000,16.770000,28772
2018-10-26T04:00:00Z,16.800000,16.820000,16.895000,16.600100,45319
2018-10-29T04:00:00Z,16.960000,16.720000,17.220000,16.530000,19540
2018-10-30T04:00:00Z,16.750000,16.540000,16.800000,16.371000,38991
2018-10-31T04:00:00Z,16.590000,16.670000,16.822000,16.495900,27268
2018-11-01T04:00:00Z,16.730000,16.810000,16.900000,16.581100,54971
2018-11-02T04:00:00Z,16.370000,15.940000,16.440300,15.905000,20439
2018-11-05T05:00:00Z,15.920000,15.840000,16.160500,15.820000,27428
2018-11-06T05:00:00Z,15.810000,15.460000,15.845000,15.310000,52262
2018-11-07T05:00:00Z,15.690000,16.250000,16.250000,15.648700,39564
2018-11-08T05:00:00Z,16.230000,16.070000,16.330000,16.000000,20062
2018-11-09T05:00:00Z,16.050000,16.030000,16.250000,15.750100,58972
2018-11-12T05:00:00Z,16.040000,16.160000,16.230000,15.900000,68229
2018-11-13T05:00:00Z,16.250000,16.490000,16.530000,16.020000,121363
2018-11-14T05:00:00Z,16.590000,16.500000,16.640000,16.165000,47425
2018-11-15T05:00:00Z,16.500000,16.590000,16.590000,16.200000,122001
2018-11-16T05:00:00Z,16.590000,16.440000,16.590000,16.250000,64094
2018-11-19T05:00:00Z,16.430000,16.280000,16.430000,16.010100,43148
2018-11-20T05:00:00Z,16.310000,15.590000,16.310000,15.530000,58634
2018-11-21T05:00:00Z,15.570000,15.490000,15.680000,15.410000,48668
2018-11-23T05:00:00Z,15.500000,15.370000,15.587200,15.311100,10689
2018-11-26T05:00:00Z,15.500000,15.450000,15.740000,15.260000,34014
2018-11-27T05:00:00Z,15.450000,15.610000,15.700000,15.382000,67083
2018-11-28T05:00:00Z,15.700000,15.960000,16.000000,15.506900,30653
2018-11-29T05:00:00Z,15.960000,16.020000,16.150000,15.811900,27974
2018-11-30T05:00:00Z,15.980000,15.780000,16.003600,15.592800,19612
2018-12-03T05:00:00Z,15.900000,15.750000,16.050000,15.650000,329605
2018-12-04T05:00:00Z,15.800000,15.380000,16.000000,15.300000,62443
2018-12-06T05:00:00Z,15.350000,15.350000,15.490000,14.750000,59045
2018-12-07T05:00:00Z,15.450000,15.340000,15.700000,15.140000,90980
2018-12-10T05:00:00Z,15.500000,15.360000,15.500000,15.092400,56946
2018-12-11T05:00:00Z,15.550000,15.140000,15.550000,14.520000,44042
2018-12-12T05:00:00Z,15.240000,14.930000,15.240000,14.890000,41539
2018-12-13T05:00:00Z,14.960000,14.600000,14.980000,14.116200,111315
2018-12-14T05:00:00Z,14.540000,14.400000,14.750000,14.290000,64425
2018-12-17T05:00:00Z,14.480000,13.920000,14.657600,13.696500,80692
2018-12-18T05:00:00Z,13.890000,13.550000,14.018000,13.250000,97399
2018-12-19T05:00:00Z,13.900000,13.570000,13.986500,13.250000,168749
2018-12-20T05:00:00Z,13.550000,13.440000,13.820000,13.260000,186478
2018-12-21T05:00:00Z,13.500000,13.610000,13.950000,13.350100,216929
2018-12-24T05:00:00Z,13.560000,13.430000,13.669000,13.314800,72343
2018-12-26T05:00:00Z,13.420000,13.530000,13.650000,13.150000,72766
2018-12-27T05:00:00Z,13.320000,13.260000,13.580000,13.000000,86346
2018-12-28T05:00:00Z,13.300000,14.080000,14.295000,13.300000,152004
2018-12-31T05:00:00Z,14.090000,14.160000,14.360000,14.010000,93877
2019-01-02T05:00:00Z,14.180000,14.730000,15.070000,14.180000,36967
2019-01-03T05:00:00Z,14.690000,15.270000,15.370000,14.690000,83562
2019-01-04T05:00:00Z,15.500000,15.850000,16.140000,15.460400,111211
2019-01-07T05:00:00Z,16.000000,16.340000,16.350000,15.900100,77527
2019-01-08T05:00:00Z,16.640000,16.800000,16.890000,16.420000,59405
2019-01-09T05:00:00Z,17.010000,16.750000,17.010000,16.570000,30294
2019-01-10T05:00:00Z,16.650000,16.440000,16.740000,16.245000,59890
2019-01-11T05:00:00Z,16.490000,16.370000,16.625000,16.120000,44897
2019-01-14T05:00:00Z,16.170000,16.090000,16.558900,16.070000,29522
2019-01-15T05:00:00Z,16.290000,16.550000,16.939900,16.000000,42135
2019-01-16T05:00:00Z,16.600000,16.300000,16.670000,16.030000,25448
2019-01-17T05:00:00Z,16.290000,16.510000,16.705100,16.120000,29200
2019-01-18T05:00:00Z,16.650000,16.800000,16.890000,16.421300,25532
2019-01-22T05:00:00Z,16.750000,16.530000,16.990000,16.520000,74163
2019-01-23T05:00:00Z,16.570000,16.650000,16.820000,16.570000,109064
2019-01-24T05:00:00Z,16.600000,16.530000,16.941300,16.530000,42827
2019-01-25T05:00:00Z,16.590000,17.040000,17.069000,16.590000,84490
2019-01-28T05:00:00Z,17.130000,17.430000,17.490000,17.130000,56777
2019-01-29T05:00:00Z,17.460000,17.330000,17.480000,17.230000,24782
2019-01-30T05:00:00Z,17.430000,17.580000,17.750000,17.200000,107026
2019-01-31T05:00:00Z,17.600000,17.400000,17.970000,17.400000,114072
2019-02-01T05:00:00Z,17.570000,17.550000,17.790000,17.280000,277311
2019-02-04T05:00:00Z,17.550000,17.600000,17.818700,17.412900,115184
2019-02-05T05:00:00Z,17.720000,17.750000,17.891500,17.640000,95222
2019-02-06T05:00:00Z,17.840000,17.630000,17.879900,17.580000,111621
2019-02-07T05:00:00Z,17.500000,17.350000,17.712500,17.300000,87608
2019-02-08T05:00:00Z,16.890000,16.660000,17.020000,16.500000,67713
2019-02-11T05:00:00Z,16.540000,16.500000,16.750000,16.220000,55423
2019-02-12T05:00:00Z,16.550000,16.700000,16.770000,16.550000,32034
2019-02-13T05:00:00Z,16.770000,16.850000,16.950000,16.730000,29542
2019-02-14T05:00:00Z,16.830000,16.910000,17.186100,16.830000,34255
2019-02-15T05:00:00Z,17.000000,17.040000,17.190000,16.930000,59706
2019-02-19T05:00:00Z,17.100000,17.220000,17.475700,17.070000,261550
2019-02-20T05:00:00Z,17.330000,17.230000,17.500000,16.890000,202559
2019-02-21T05:00:00Z,17.230000,17.180000,17.310000,17.080000,56479
2019-02-22T05:00:00Z,17.190000,17.140000,17.338400,17.064300,33796
2019-02-25T05:00:00Z,17.150000,17.160000,17.300000,17.012500,41525
2019-02-26T05:00:00Z,17.240000,17.370000,18.000000,17.080000,201445
2019-02-27T05:00:00Z,17.600000,17.610000,18.220000,17.470000,137367
2019-02-28T05:00:00Z,17.510000,17.650000,17.905200,17.420000,55404
2019-03-01T05:00:00Z,17.600000,17.910000,18.000000,17.530000,65066
2019-03-04T05:00:00Z,18.000000,17.970000,18.020000,17.810000,54356
2019-03-05T05:00:00Z,18.000000,17.960000,18.060000,17.940000,118280
2019-03-06T05:00:00Z,17.940000,17.900000,18.030000,17.695000,61939
2019-03-07T05:00:00Z,17.870000,17.700000,17.949100,17.610000,56655
2019-03-08T05:00:00Z,17.670000,17.300000,17.689200,17.190000,83306
2019-03-11T04:00:00Z,17.310000,17.130000,17.534800,17.000000,94676
2019-03-12T04:00:00Z,17.140000,17.410000,17.465000,17.130000,112012
2019-03-13T04:00:00Z,17.480000,17.810000,18.030000,17.410000,58333
2019-03-14T04:00:00Z,17.790000,17.720000,18.060000,17.650000,112996
2019-03-15T04:00:00Z,17.830000,17.680000,17.880000,17.590000,132757
2019-03-18T04:00:00Z,17.680000,17.890000,17.950000,17.660100,86529
2019-03-19T04:00:00Z,18.030000,18.040000,18.204500,17.900000,53868
2019-03-20T04:00:00Z,18.000000,18.080000,18.200000,18.000000,71868
2019-03-21T04:00:00Z,18.140000,18.110000,18.310000,18.070000,178755
2019-03-22T04:00:00Z,18.200000,17.910000,18.200000,17.910000,158977
2019-03-25T04:00:00Z,17.980000,18.030000,18.260400,17.750000,180318
2019-03-26T04:00:00Z,18.150000,18.150000,18.320000,18.060000,152139
2019-03-27T04:00:00Z,18.240000,18.140000,18.260000,18.130000,125541
2019-03-28T04:00:00Z,18.100000,18.150000,18.310000,18.000000,147654
2019-03-29T04:00:00Z,18.160000,18.260000,18.390000,18.060100,205801
2019-04-01T04:00:00Z,18.320000,18.400000,18.478800,18.080000,84179
2019-04-02T04:00:00Z,18.360000,18.450000,18.590000,18.350000,218613
2019-04-03T04:00:00Z,18.550000,18.430000,18.589900,18.391000,91402
2019-04-04T04:00:00Z,18.530000,18.620000,18.670000,18.450000,211767
2019-04-05T04:00:00Z,18.680000,18.870000,18.990000,18.639400,243514
2019-04-08T04:00:00Z,18.990000,18.980000,19.068700,18.890000,213915
2019-04-09T04:00:00Z,18.960000,18.760000,18.980000,18.760000,107110
2019-04-10T04:00:00Z,18.740000,18.740000,18.950000,18.623600,126724
2019-04-11T04:00:00Z,18.730000,18.600000,18.840000,18.560000,41817
2019-04-12T04:00:00Z,18.850000,18.530000,18.850000,18.460200,102584
2019-04-15T04:00:00Z,18.550000,18.460000,18.650000,18.450000,86119
2019-04-16T04:00:00Z,18.590000,18.400000,18.595100,18.330000,115163
2019-04-17T04:00:00Z,18.550000,18.410000,18.590000,18.360500,24906
2019-04-18T04:00:00Z,18.420000,18.340000,18.450000,18.230000,54862
2019-04-22T04:00:00Z,18.490000,18.430000,18.590000,18.366200,82086
2019-04-23T04:00:00Z,18.450000,18.470000,18.680000,18.450000,231581
2019-04-24T04:00:00Z,18.490000,18.300000,18.621400,18.280000,69050
2019-04-25T04:00:00Z,18.370000,18.400000,18.555000,18.170000,93284
2019-04-26T04:00:00Z,18.490000,18.500000,18.611700,18.336200,41855
2019-04-29T04:00:00Z,18.550000,18.470000,18.576500,18.380000,50557
2019-04-30T04:00:00Z,18.500000,18.540000,18.600000,18.390000,78550
2019-05-01T04:00:00Z,18.560000,18.530000,18.680000,18.430000,166744
2019-05-02T04:00:00Z,18.500000,18.170000,18.612200,17.870000,151635
2019-05-03T04:00:00Z,17.690000,17.260000,17.740000,17.230000,116608
2019-05-06T04:00:00Z,17.080000,17.000000,17.170000,16.510000,99836
2019-05-07T04:00:00Z,16.300000,15.600000,16.350000,14.980000,291945
2019-05-08T04:00:00Z,15.500000,15.600000,15.955000,15.360000,86253
2019-05-09T04:00:00Z,15.450000,15.670000,15.750000,15.430000,88068
2019-05-10T04:00:00Z,15.620000,15.650000,15.840000,15.580000,85994
2019-05-13T04:00:00Z,15.580000,15.270000,15.600000,15.150000,98193
2019-05-14T04:00:00Z,15.430000,15.470000,15.550000,15.310000,99400
2019-05-15T04:00:00Z,15.390000,15.300000,15.459900,15.300000,33893
2019-05-16T04:00:00Z,15.300000,15.230000,15.415500,15.180000,53246
2019-05-17T04:00:00Z,15.100000,15.130000,15.250000,15.050000,45529
2019-05-20T04:00:00Z,15.100000,15.100000,15.140000,15.030000,33833
2019-05-21T04:00:00Z,15.040000,15.160000,15.210000,15.040000,32442
2019-05-22T04:00:00Z,15.150000,15.240000,15.300000,15.100000,48568
2019-05-23T04:00:00Z,15.220000,15.240000,15.260000,15.000000,117511
2019-05-24T04:00:00Z,15.280000,15.560000,15.680000,15.280000,179179
2019-05-28T04:00:00Z,15.640000,15.550000,15.700000,15.498300,118098
2019-05-29T04:00:00Z,15.360000,15.610000,15.690000,15.260000,171213
2019-05-30T04:00:00Z,15.650000,16.940000,17.180000,15.560000,424890
2019-05-31T04:00:00Z,16.200000,16.060000,16.200000,15.240000,449602
2019-06-03T04:00:00Z,16.040000,15.930000,16.220000,15.785000,89722
2019-06-04T04:00:00Z,15.890000,16.000000,16.159500,15.750000,88705
2019-06-05T04:00:00Z,16.020000,15.950000,16.030000,15.850000,188424
2019-06-06T04:00:00Z,15.940000,16.230000,16.362800,15.940000,469166
2019-06-07T04:00:00Z,16.090000,16.070000,16.360000,16.010100,63056
2019-06-10T04:00:00Z,16.120000,16.060000,16.279900,15.980000,45669
2019-06-11T04:00:00Z,16.010000,16.050000,16.202000,15.910000,22731
2019-06-12T04:00:00Z,16.010000,15.800000,16.080000,15.610000,53372
2019-06-13T04:00:00Z,15.810000,16.100000,16.160000,15.633200,209768
2019-06-14T04:00:00Z,16.090000,16.020000,16.160000,15.862800,122902
2019-06-17T04:00:00Z,15.940000,15.950000,16.080000,15.910000,49155
2019-06-18T04:00:00Z,15.910000,16.050000,16.058400,15.840000,35364
2019-06-19T04:00:00Z,15.950000,16.090000,16.150000,15.850000,25112
2019-06-20T04:00:00Z,16.170000,16.010000,16.217400,15.840500,25216
2019-06-21T04:00:00Z,16.050000,16.220000,16.260000,15.950000,26587
2019-06-24T04:00:00Z,16.200000,15.860000,16.200000,15.750100,13786
2019-06-25T04:00:00Z,15.820000,15.680000,15.924500,15.570000,18038
2019-06-26T04:00:00Z,15.750000,15.640000,16.000000,15.570000,49516
2019-06-27T04:00:00Z,15.710000,15.700000,15.765000,15.510000,30341
2019-06-28T04:00:00Z,15.700000,16.050000,16.050000,15.700000,53609
2019-07-01T04:00:00Z,16.130000,15.820000,16.270400,15.820000,11986
2019-07-02T04:00:00Z,15.850000,16.010000,16.170000,15.731200,18301
2019-07-03T04:00:00Z,16.030000,15.980000,16.215000,15.860000,13065
2019-07-05T04:00:00Z,15.880000,16.370000,16.510000,15.880000,45603
2019-07-08T04:00:00Z,16.300000,16.290000,16.370000,16.143500,12866
2019-07-09T04:00:00Z,16.260000,16.300000,16.410000,16.260000,32081
2019-07-10T04:00:00Z,16.350000,16.650000,16.650000,16.350000,7376
2019-07-11T04:00:00Z,16.650000,16.470000,16.780000,16.410000,52325
2019-07-12T04:00:00Z,16.530000,16.720000,16.780000,16.530000,13689
2019-07-15T04:00:00Z,16.780000,16.870000,16.960000,16.750000,25078
2019-07-16T04:00:00Z,16.870000,17.120000,17.150000,16.700200,114640
2019-07-17T04:00:00Z,17.080000,16.600000,17.150000,16.600000,44552
2019-07-18T04:00:00Z,16.630000,16.730000,16.860000,16.400000,21534
2019-07-19T04:00:00Z,16.850000,16.970000,16.990000,16.740000,21512
2019-07-22T04:00:00Z,16.790000,17.130000,17.190000,16.790000,23996
2019-07-23T04:00:00Z,17.340000,17.140000,17.352600,17.070000,44180
2019-07-24T04:00:00Z,17.130000,17.250000,17.290000,17.100000,44990
2019-07-25T04:00:00Z,17.260000,17.330000,17.385000,17.180000,48356
2019-07-26T04:00:00Z,17.390000,17.600000,17.739600,17.215600,137659
2019-07-29T04:00:00Z,17.170000,16.680000,17.170000,16.510000,85698
2019-07-30T04:00:00Z,16.430000,16.530000,16.630000,16.220000,28718
2019-07-31T04:00:00Z,16.560000,16.800000,16.820000,16.487300,23312
2019-08-01T04:00:00Z,16.700000,16.740000,16.826800,16.564700,32412
2019-08-02T04:00:00Z,16.830000,16.520000,16.850000,16.446100,34244
2019-08-05T04:00:00Z,16.200000,16.280000,16.500000,16.040000,86337
2019-08-06T04:00:00Z,17.340000,16.440000,17.500000,16.290000,80715
2019-08-07T04:00:00Z,16.350000,16.740000,16.990000,16.350000,48096
2019-08-08T04:00:00Z,16.570000,16.880000,16.880000,16.500000,33305
2019-08-09T04:00:00Z,16.860000,16.820000,17.140000,16.650000,33083
2019-08-12T04:00:00Z,16.920000,17.150000,17.159900,16.850000,24310
2019-08-13T04:00:00Z,16.910000,17.060000,17.250000,16.910000,38555
2019-08-14T04:00:00Z,16.950000,16.900000,17.005800,16.660000,37448
2019-08-15T04:00:00Z,16.910000,16.730000,17.145000,16.593500,32005
2019-08-16T04:00:00Z,16.780000,16.910000,17.170000,16.750000,36931
2019-08-19T04:00:00Z,16.930000,16.920000,17.100000,16.750000,22926
2019-08-20T04:00:00Z,16.880000,16.960000,17.070000,16.770500,18381
2019-08-21T04:00:00Z,17.060000,17.160000,17.200000,16.900000,19674
2019-08-22T04:00:00Z,17.210000,17.140000,17.340000,17.000000,36241
2019-08-23T04:00:00Z,17.140000,17.550000,17.550000,17.010000,70923
2019-08-26T04:00:00Z,17.600000,17.000000,17.600000,17.000000,14911
2019-08-27T04:00:00Z,17.080000,17.200000,17.240000,17.000000,11408
2019-08-28T04:00:00Z,17.250000,17.240000,17.490000,17.020000,27645
2019-08-29T04:00:00Z,17.360000,17.370000,17.405000,17.050000,34953
2019-08-30T04:00:00Z,17.400000,17.180000,17.400000,17.180000,34591
2019-09-03T04:00:00Z,17.150000,17.420000,17.460000,17.080000,26172
2019-09-04T04:00:00Z,17.470000,17.320000,17.470000,17.130000,15927
2019-09-05T04:00:00Z,17.420000,17.050000,17.460000,17.050000,23956
2019-09-06T04:00:00Z,17.050000,17.190000,17.320700,17.050000,18774
2019-09-09T04:00:00Z,17.300000,17.370000,17.418900,17.000000,24150
2019-09-10T04:00:00Z,17.330000,17.150000,17.390000,17.010000,59812
2019-09-11T04:00:00Z,17.150000,17.270000,17.380000,17.150000,17698
2019-09-12T04:00:00Z,17.390000,17.250000,17.390000,17.099000,28794
2019-09-13T04:00:00Z,17.300000,17.380000,17.455800,17.120000,16901
2019-09-16T04:00:00Z,17.550000,17.300000,17.550000,17.050000,23086
2019-09-17T04:00:00Z,17.390000,17.210000,17.390000,17.110000,20938
2019-09-18T04:00:00Z,17.080000,17.180000,17.190000,17.020000,49191
2019-09-19T04:00:00Z,17.210000,16.745000,17.300000,16.610000,29229
2019-09-20T04:00:00Z,16.930000,16.690000,16.930000,16.690000,37768
2019-09-23T04:00:00Z,16.520000,16.870000,16.970000,16.520000,18587
2019-09-24T04:00:00Z,16.920000,16.960000,17.100000,16.830000,8663
2019-09-25T04:00:00Z,16.980000,16.970000,16.980000,16.730000,7863
2019-09-26T04:00:00Z,16.950000,16.890000,17.000000,16.750000,13287
2019-09-27T04:00:00Z,16.940000,17.240000,17.320000,16.940000,25733
2019-09-30T04:00:00Z,17.260000,17.060000,17.270000,17.060000,27365
2019-10-01T04:00:00Z,17.120000,17.210000,17.247000,17.060000,9675
2019-10-02T04:00:00Z,17.300000,17.550000,17.550000,16.940000,54525
2019-10-03T04:00:00Z,17.050000,17.220000,17.380000,17.050000,60165
2019-10-04T04:00:00Z,17.260000,17.340000,17.400000,17.250000,3681
2019-10-07T04:00:00Z,17.170000,17.220000,17.417200,17.050000,21133
2019-10-08T04:00:00Z,17.200000,17.290000,17.290000,17.000000,23752
2019-10-09T04:00:00Z,17.320000,17.250000,17.371600,17.100000,18161
2019-10-10T04:00:00Z,17.250000,17.390000,17.400000,17.250000,11823
2019-10-11T04:00:00Z,17.400000,17.400000,17.480000,17.300000,38822
2019-10-14T04:00:00Z,17.380000,17.380000,17.500000,17.380000,11009
2019-10-15T04:00:00Z,17.440000,17.810000,17.897900,17.440000,20934
2019-10-16T04:00:00Z,17.870000,17.770000,17.870000,17.610000,6126
2019-10-17T04:00:00Z,17.820000,17.460000,17.820000,17.250000,28661
2019-10-18T04:00:00Z,17.430000,17.680000,17.690000,17.430000,19252
2019-10-21T04:00:00Z,17.680000,17.490000,17.690000,17.355000,26365
2019-10-22T04:00:00Z,17.500000,17.550000,17.690000,17.500000,9554
2019-10-23T04:00:00Z,17.560000,17.680000,17.750000,17.538100,12398
2019-10-24T04:00:00Z,17.670000,17.690000,17.780000,17.600100,18256
2019-10-25T04:00:00Z,17.690000,18.000000,18.000000,17.690000,29802
2019-10-28T04:00:00Z,18.050000,18.200000,18.300000,17.990000,55504
2019-10-29T04:00:00Z,18.280000,18.650000,18.690000,18.210000,44678
2019-10-30T04:00:00Z,18.650000,18.550000,18.660000,18.280000,40151
2019-10-31T04:00:00Z,18.560000,18.760000,18.760000,18.300000,41127
2019-11-01T04:00:00Z,18.760000,18.610000,18.809900,18.469200,66735
2019-11-04T05:00:00Z,18.250000,18.340000,18.460000,18.070000,39689
2019-11-05T05:00:00Z,18.380000,17.960000,18.380000,17.850000,38649
2019-11-06T05:00:00Z,18.000000,17.800000,18.000000,17.670000,27228
2019-11-07T05:00:00Z,17.870000,17.590000,17.979200,17.500000,16113
2019-11-08T05:00:00Z,17.500000,16.980000,17.500000,16.889600,59158
2019-11-11T05:00:00Z,16.810000,17.410000,17.410000,16.810000,48199
2019-11-12T05:00:00Z,17.470000,17.840000,17.850000,17.400000,50711
2019-11-13T05:00:00Z,17.680000,17.640000,17.850000,17.520000,35366
2019-11-14T05:00:00Z,17.650000,17.710000,17.710000,17.420000,86408
2019-11-15T05:00:00Z,17.770000,17.770000,17.850000,17.530000,28740
2019-11-18T05:00:00Z,17.790000,17.250000,17.790000,17.020000,48372
2019-11-19T05:00:00Z,17.150000,17.380000,17.555000,17.060000,53196
2019-11-20T05:00:00Z,16.980000,17.510000,17.710000,16.800000,178763
2019-11-21T05:00:00Z,17.530000,17.970000,18.020000,17.360000,52934
2019-11-22T05:00:00Z,17.970000,18.590000,18.940000,17.640100,285827
2019-11-25T05:00:00Z,18.710000,18.610000,19.060000,18.510000,158859
2019-11-26T05:00:00Z,18.630000,18.290000,18.750000,18.270000,30355
2019-11-27T05:00:00Z,18.180000,18.000000,18.220000,17.990000,72865
2019-11-29T05:00:00Z,18.000000,18.280000,18.280000,17.880000,63107
2019-12-02T05:00:00Z,18.400000,17.950000,18.415000,17.930000,140472
2019-12-03T05:00:00Z,17.870000,17.560000,17.913100,17.250000,77950
2019-12-04T05:00:00Z,17.470000,17.670000,17.955000,17.450000,62571
2019-12-05T05:00:00Z,17.820000,17.720000,17.840000,17.500000,36416
2019-12-06T05:00:00Z,17.630000,17.860000,17.880000,17.630000,365189
2019-12-09T05:00:00Z,17.800000,17.820000,17.900000,17.510000,101529
2019-12-10T05:00:00Z,17.760000,17.810000,18.100000,17.570000,86451
2019-12-11T05:00:00Z,17.770000,17.430000,17.840000,17.370000,27231
2019-12-12T05:00:00Z,17.350000,17.130000,17.470000,17.100000,53972
2019-12-13T05:00:00Z,17.150000,17.500000,17.540000,17.150000,33812
2019-12-16T05:00:00Z,17.500000,17.770000,17.930000,17.500000,48788
2019-12-17T05:00:00Z,17.720000,17.570000,17.850000,17.570000,17714
2019-12-18T05:00:00Z,17.540000,17.780000,17.800000,17.540000,14070
2019-12-19T05:00:00Z,17.790000,17.800000,17.855000,17.661000,56149
2019-12-20T05:00:00Z,17.790000,18.070000,18.110000,17.770000,49023
2019-12-23T05:00:00Z,18.020000,18.150000,18.430000,17.980000,45690
2019-12-24T05:00:00Z,18.170000,18.167100,18.280000,18.010000,15132
2019-12-26T05:00:00Z,18.310000,18.260000,18.479900,18.100000,51859
2019-12-27T05:00:00Z,18.290000,18.140000,18.390000,18.030000,19736
2019-12-30T05:00:00Z,18.030000,18.000000,18.106100,17.960000,30182
2019-12-31T05:00:00Z,18.000000,18.050000,18.339500,17.928500,25967
2020-01-02T05:00:00Z,18.220000,17.960000,18.259000,17.960000,25375
2020-01-03T05:00:00Z,17.960000,17.810000,18.020000,17.440100,78457
2020-01-06T05:00:00Z,17.890000,17.900000,17.950000,17.642400,26550
2020-01-07T05:00:00Z,17.650000,17.500000,17.650000,17.250000,70816
2020-01-08T05:00:00Z,17.560000,17.260000,17.560000,17.170000,27152
2020-01-09T05:00:00Z,17.260000,17.190000,17.500000,16.660000,83422
2020-01-10T05:00:00Z,17.210000,17.270000,17.310000,17.180000,21126
2020-01-13T05:00:00Z,17.300000,17.300000,17.500000,17.200800,17129
2020-01-14T05:00:00Z,17.330000,17.440000,17.470000,17.300000,23006
2020-01-15T05:00:00Z,17.450000,17.500000,17.530000,17.285500,16573
2020-01-16T05:00:00Z,17.650000,17.980000,18.000000,17.610000,46080
2020-01-17T05:00:00Z,18.280000,18.720000,18.820000,18.040000,74899
2020-01-21T05:00:00Z,18.800000,18.850000,19.170000,18.750000,42970
2020-01-22T05:00:00Z,18.880000,18.770000,18.970000,18.421000,53472
2020-01-23T05:00:00Z,18.770000,18.780000,19.100000,18.630000,34119
2020-01-24T05:00:00Z,18.840000,18.610000,19.000000,18.430000,40583
2020-01-27T05:00:00Z,18.470000,18.850000,18.850000,18.430000,46556
2020-01-28T05:00:00Z,18.850000,18.750000,19.200000,18.709000,34276
2020-01-29T05:00:00Z,18.830000,19.260000,19.390000,18.550000,66230
2020-01-30T05:00:00Z,19.300000,19.690000,19.790000,19.060000,60752
2020-01-31T05:00:00Z,19.120000,18.710000,19.120000,18.590000,26735
2020-02-03T05:00:00Z,18.410000,18.380000,18.530000,17.902200,66921
2020-02-04T05:00:00Z,18.300000,18.710000,18.790000,18.046500,40999
2020-02-05T05:00:00Z,18.730000,18.420000,18.810200,18.305000,26918
2020-02-06T05:00:00Z,18.500000,18.800000,18.990000,18.455000,38453
2020-02-07T05:00:00Z,18.900000,18.970000,18.970000,18.785800,32603
2020-02-10T05:00:00Z,19.050000,19.100000,19.270000,18.790000,31867
2020-02-11T05:00:00Z,19.120000,18.960000,19.190000,18.790000,24354
2020-02-12T05:00:00Z,19.150000,19.060000,19.260000,18.870000,21351
2020-02-13T05:00:00Z,19.000000,19.160000,19.300000,18.780000,25010
2020-02-14T05:00:00Z,19.200000,18.980000,19.300000,18.980000,26151
2020-02-18T05:00:00Z,18.980000,18.670000,19.114000,18.530000,33100
2020-02-19T05:00:00Z,18.870000,19.000000,19.000000,18.650000,18547
2020-02-20T05:00:00Z,18.960000,19.220000,19.350000,18.880000,62090
2020-02-21T05:00:00Z,19.220000,19.350000,19.350000,18.870000,42474
2020-02-24T05:00:00Z,18.890000,19.060000,19.240400,18.850600,40799
2020-02-25T05:00:00Z,18.910000,18.930000,19.060000,18.240000,67650
2020-02-26T05:00:00Z,18.400000,17.370000,18.615000,17.030800,109059
2020-02-27T05:00:00Z,17.250000,17.050000,17.794300,16.570000,92667
2020-02-28T05:00:00Z,16.320000,16.860000,16.987900,14.330000,174021
2020-03-02T05:00:00Z,17.250000,17.260000,17.510000,16.560000,159745
2020-03-03T05:00:00Z,17.260000,17.210000,17.450000,16.840000,104049
2020-03-04T05:00:00Z,17.290000,17.100000,17.415000,16.870000,111784
2020-03-05T05:00:00Z,17.070000,16.550000,17.365000,16.550000,70914
2020-03-06T05:00:00Z,16.350000,15.820000,16.350000,15.345000,58888
2020-03-09T04:00:00Z,14.500000,12.530000,14.500000,12.490000,287871
2020-03-10T04:00:00Z,15.920000,15.450000,16.000000,14.110000,115961
2020-03-11T04:00:00Z,15.350000,14.600000,15.930000,14.270000,77668
2020-03-12T04:00:00Z,14.100000,12.550000,14.100000,12.310000,99962
2020-03-13T04:00:00Z,13.050000,13.480000,13.480000,12.040000,86551
2020-03-16T04:00:00Z,12.990000,12.320000,12.990000,12.056400,80062
2020-03-17T04:00:00Z,12.660000,12.600000,12.960000,12.307700,53919
2020-03-18T04:00:00Z,11.880000,7.190000,12.206000,6.810000,204638
2020-03-19T04:00:00Z,7.460000,12.000000,13.780000,7.260000,339874
2020-03-20T04:00:00Z,12.100000,12.420000,12.500000,11.500000,126803
2020-03-23T04:00:00Z,11.920000,10.730000,12.060000,10.000000,122835
2020-03-24T04:00:00Z,10.870000,10.370000,12.249600,10.000000,138230
2020-03-25T04:00:00Z,10.410000,10.910000,11.690000,10.030000,134222
2020-03-26T04:00:00Z,10.700000,10.510000,11.380000,10.328800,126517
2020-03-27T04:00:00Z,10.000000,9.450000,10.461400,9.349700,71448
2020-03-30T04:00:00Z,9.620000,8.690000,9.750000,8.586400,62868
2020-03-31T04:00:00Z,8.750000,8.060000,9.040000,7.640000,150518
2020-04-01T04:00:00Z,8.190000,8.050000,8.598900,7.891200,181537
2020-04-02T04:00:00Z,8.120000,8.330000,9.500000,7.970000,104790
2020-04-03T04:00:00Z,8.680000,9.350000,9.630000,8.010000,226230
2020-04-06T04:00:00Z,10.000000,9.320000,10.000000,8.885900,125393
2020-04-07T04:00:00Z,9.650000,9.250000,10.229900,9.200000,79174
2020-04-08T04:00:00Z,9.100000,10.380000,10.683600,9.050000,126769
2020-04-09T04:00:00Z,10.910000,11.050000,11.639900,10.609200,152297
2020-04-13T04:00:00Z,11.060000,10.730000,11.539700,10.600000,71698
2020-04-14T04:00:00Z,10.800000,10.470000,11.711000,10.320000,113764
2020-04-15T04:00:00Z,10.050000,9.570000,10.330000,9.360000,103955
2020-04-16T04:00:00Z,9.720000,9.170000,10.190000,9.160000,76740
2020-04-17T04:00:00Z,9.250000,9.650000,10.350000,9.250000,101922
2020-04-20T04:00:00Z,9.190000,9.280000,10.000000,9.190000,73448
2020-04-21T04:00:00Z,9.270000,9.020000,9.776800,8.700000,89559
2020-04-22T04:00:00Z,9.450000,9.400000,9.850000,9.250000,62744
2020-04-23T04:00:00Z,9.600000,10.100000,10.240000,9.600000,58740
2020-04-24T04:00:00Z,10.910000,11.160000,11.580000,10.650000,111621
2020-04-27T04:00:00Z,11.630000,12.190000,12.330000,11.250000,64635
2020-04-28T04:00:00Z,12.560000,12.870000,13.050000,12.200000,75959
2020-04-29T04:00:00Z,12.900000,13.240000,13.745500,12.660000,101264
2020-04-30T04:00:00Z,13.510000,12.850000,13.510000,12.064400,76825
2020-05-01T04:00:00Z,12.890000,14.620000,14.730000,12.510000,141805
2020-05-04T04:00:00Z,13.990000,15.150000,15.450000,12.960000,358583
2020-05-05T04:00:00Z,15.570000,13.020000,15.570000,13.020000,91515
2020-05-06T04:00:00Z,13.150000,13.290000,14.056000,12.990000,51022
2020-05-07T04:00:00Z,13.770000,13.680000,14.006200,13.140000,46526
2020-05-08T04:00:00Z,14.120000,13.900000,14.120000,13.513300,27888
2020-05-11T04:00:00Z,13.850000,13.970000,14.230000,13.650000,45983
2020-05-12T04:00:00Z,14.510000,13.690000,14.767800,13.510000,57177
2020-05-13T04:00:00Z,13.700000,12.870000,13.980000,12.411700,40560
2020-05-14T04:00:00Z,12.480000,12.850000,13.158300,12.070000,53116
2020-05-15T04:00:00Z,12.750000,13.190000,13.408900,12.620000,23887
2020-05-18T04:00:00Z,13.330000,13.360000,14.410000,13.210000,38648
2020-05-19T04:00:00Z,13.670000,13.490000,13.670000,13.310000,16422
2020-05-20T04:00:00Z,13.610000,14.260000,14.260000,13.300000,48932
2020-05-21T04:00:00Z,13.910000,14.710000,14.750000,13.704700,20301
2020-05-22T04:00:00Z,14.800000,15.410000,15.410000,14.210000,34697
2020-05-26T04:00:00Z,15.390000,15.850000,15.861000,15.390000,14124
2020-05-27T04:00:00Z,15.970000,15.890000,15.970000,15.385000,13177
2020-05-28T04:00:00Z,16.000000,15.800000,16.000000,15.070000,13728
2020-05-29T04:00:00Z,15.650000,15.100000,15.650000,14.473000,38745
2020-06-01T04:00:00Z,15.200000,15.770000,15.890000,14.860000,16521
2020-06-02T04:00:00Z,15.910000,17.000000,17.000000,15.366300,25415
2020-06-03T04:00:00Z,16.850000,16.850000,16.869700,15.780700,202529
2020-06-04T04:00:00Z,16.760000,16.720000,16.760000,16.200000,17793
2020-06-05T04:00:00Z,16.850000,15.780000,17.200000,15.580000,57102
2020-06-08T04:00:00Z,16.200000,16.220000,17.000000,16.032000,30468
2020-06-09T04:00:00Z,16.030000,15.760000,16.030000,15.250100,18922
2020-06-10T04:00:00Z,15.700000,15.600000,15.823700,15.160000,33901
2020-06-11T04:00:00Z,15.000000,14.020000,15.107900,13.800000,46781
2020-06-12T04:00:00Z,14.740000,14.480000,15.220000,14.230000,13182
2020-06-15T04:00:00Z,14.260000,14.650000,14.790000,13.610000,30719
2020-06-16T04:00:00Z,15.250000,14.700000,15.350000,14.390000,22971
2020-06-17T04:00:00Z,14.930000,14.700000,15.580000,14.580000,17718
2020-06-18T04:00:00Z,14.500000,15.040000,15.125000,14.110000,28288
2020-06-19T04:00:00Z,15.100000,15.990000,15.990000,15.100000,55488
2020-06-22T04:00:00Z,16.000000,15.600000,16.000000,15.440000,36410
2020-06-23T04:00:00Z,15.620000,15.400000,15.987200,15.400000,31802
2020-06-24T04:00:00Z,15.200000,14.800000,15.310000,14.600000,43032
2020-06-25T04:00:00Z,14.770000,14.500000,15.330000,14.240000,24753
2020-06-26T04:00:00Z,14.110000,13.550000,14.245000,13.500000,68819
2020-06-29T04:00:00Z,13.320000,13.590000,14.046900,13.195600,30158
2020-06-30T04:00:00Z,13.620000,13.460000,14.350000,13.410000,33711
2020-07-01T04:00:00Z,13.500000,13.860000,13.970000,13.330000,12533
2020-07-02T04:00:00Z,13.920000,13.680000,14.119900,13.610000,27052
2020-07-06T04:00:00Z,13.790000,13.320000,13.980000,13.000000,43247
2020-07-07T04:00:00Z,13.100000,13.270000,13.290000,13.050100,15894
2020-07-08T04:00:00Z,13.040000,13.040000,13.450000,13.000000,19166
2020-07-09T04:00:00Z,13.000000,12.490000,13.082300,12.460000,25218
2020-07-10T04:00:00Z,12.740000,12.500000,12.810000,12.298300,37902
2020-07-13T04:00:00Z,12.540000,12.340000,12.800000,12.250000,62050
2020-07-14T04:00:00Z,11.820000,12.240000,12.380000,11.820000,38500
2020-07-15T04:00:00Z,12.300000,12.330000,12.720000,12.020000,43147
2020-07-16T04:00:00Z,12.150000,12.540000,12.790000,12.030500,26417
2020-07-17T04:00:00Z,12.750000,12.740000,12.960000,12.690000,25220
2020-07-20T04:00:00Z,12.920000,12.880000,13.275000,12.710000,25799
2020-07-21T04:00:00Z,12.880000,13.510000,13.800000,12.880000,27934
2020-07-22T04:00:00Z,13.500000,13.410000,13.750000,13.310000,30732
2020-07-23T04:00:00Z,13.270000,13.310000,13.820000,13.270000,61742
2020-07-24T04:00:00Z,13.600000,13.510000,13.750000,13.209200,159450
2020-07-27T04:00:00Z,13.740000,13.520000,13.920000,13.400000,49263
2020-07-28T04:00:00Z,13.740000,13.500000,13.860000,13.500000,97385
2020-07-29T04:00:00Z,14.000000,13.930000,14.150000,13.500000,127832
2020-07-30T04:00:00Z,13.850000,14.850000,14.850000,13.790000,112157
2020-07-31T04:00:00Z,14.760000,14.880000,15.270000,14.560000,69561
2020-08-03T04:00:00Z,14.200000,14.120000,14.470000,14.060000,45951
2020-08-04T04:00:00Z,14.080000,13.960000,14.445000,13.720000,73606
2020-08-05T04:00:00Z,13.960000,14.120000,14.205000,13.460100,63212
2020-08-06T04:00:00Z,14.150000,14.060000,14.600000,13.760000,32375
2020-08-07T04:00:00Z,14.100000,15.150000,15.260000,13.910000,69206
2020-08-10T04:00:00Z,15.340000,15.410000,15.600000,15.180000,49022
2020-08-11T04:00:00Z,15.840000,15.910000,16.620000,15.620000,87342
2020-08-12T04:00:00Z,15.940000,16.070000,16.390000,15.840000,39311
2020-08-13T04:00:00Z,15.970000,15.420000,16.100000,15.280000,35853
2020-08-14T04:00:00Z,15.330000,16.070000,16.150000,15.202000,24465
2020-08-17T04:00:00Z,16.030000,16.500000,16.500000,15.900100,35942
2020-08-18T04:00:00Z,16.500000,16.470000,16.950000,16.240000,19818
2020-08-19T04:00:00Z,16.380000,16.550000,16.765000,16.270000,43195
2020-08-20T04:00:00Z,16.530000,15.840000,16.530000,15.840000,53728
2020-08-21T04:00:00Z,15.880000,15.910000,16.000000,15.571000,29191
2020-08-24T04:00:00Z,16.080000,16.230000,16.400000,16.000000,37411
2020-08-25T04:00:00Z,16.420000,16.220000,16.435400,15.830000,18516
2020-08-26T04:00:00Z,16.075000,15.590000,16.075000,15.590000,27464
2020-08-27T04:00:00Z,15.800000,15.620000,16.069500,15.240000,47736
2020-08-28T04:00:00Z,14.690000,15.590000,15.892400,14.000000,66750
2020-08-31T04:00:00Z,15.470000,16.200000,16.200000,15.470000,39249
2020-09-01T04:00:00Z,16.090000,15.640000,16.090000,15.430000,28980
2020-09-02T04:00:00Z,15.670000,15.790000,15.800000,15.350000,18746
2020-09-03T04:00:00Z,15.650000,15.810000,16.100000,15.440000,37616
2020-09-04T04:00:00Z,15.810000,15.440000,16.050000,15.090000,39645
2020-09-08T04:00:00Z,15.610000,15.860000,16.080000,15.200000,33503
2020-09-09T04:00:00Z,15.910000,15.340000,15.910000,15.250000,83477
2020-09-10T04:00:00Z,15.200000,14.930000,15.340000,14.900000,40958
2020-09-11T04:00:00Z,14.810000,15.390000,15.556700,14.810000,20760
2020-09-14T04:00:00Z,15.380000,15.870000,15.990000,15.208000,28624
2020-09-15T04:00:00Z,15.910000,16.080000,16.183000,15.770000,16979
2020-09-16T04:00:00Z,16.210000,15.860000,16.261000,15.730000,24841
2020-09-17T04:00:00Z,15.600000,15.950000,16.050000,15.520000,18432
2020-09-18T04:00:00Z,15.980000,15.940000,15.980000,15.250000,54506
2020-09-21T04:00:00Z,15.250000,15.600000,15.600000,14.610000,31748
2020-09-22T04:00:00Z,15.700000,15.400000,16.096800,15.310000,20500
2020-09-23T04:00:00Z,15.500000,15.820000,16.138100,15.400000,58176
2020-09-24T04:00:00Z,15.410000,15.120000,15.970000,15.120000,41076
2020-09-25T04:00:00Z,15.240000,15.230000,15.550000,15.060000,19021
2020-09-28T04:00:00Z,15.230000,14.990000,15.400000,14.810000,30410
2020-09-29T04:00:00Z,14.860000,15.169900,15.170000,14.750000,48352
2020-09-30T04:00:00Z,14.945000,14.870000,15.250000,14.710000,40608
2020-10-01T04:00:00Z,14.830000,14.900000,14.900000,14.550000,18620
2020-10-02T04:00:00Z,14.500000,15.200000,15.235300,14.500000,16247
2020-10-05T04:00:00Z,15.250000,15.580000,15.600000,15.250000,15188
2020-10-06T04:00:00Z,15.560000,15.180000,15.677300,15.000100,21358
2020-10-07T04:00:00Z,15.180000,14.950000,15.300000,14.630000,48346
2020-10-08T04:00:00Z,14.950000,15.050000,15.263200,14.940000,15980
2020-10-09T04:00:00Z,15.050000,14.860000,15.223000,14.700000,23783
2020-10-12T04:00:00Z,14.780000,15.300000,15.300000,14.740000,41992
2020-10-13T04:00:00Z,15.020000,15.200000,15.230000,15.000000,10865
2020-10-14T04:00:00Z,15.090000,15.650000,15.650000,15.090000,18004
2020-10-15T04:00:00Z,15.554600,15.480000,15.600000,15.180000,23882
2020-10-16T04:00:00Z,15.335000,13.970000,15.400000,13.970000,163406
2020-10-19T04:00:00Z,14.200000,14.600000,14.730000,14.150000,85454
2020-10-20T04:00:00Z,14.750000,14.870000,14.960000,14.692000,31089
2020-10-21T04:00:00Z,14.750000,15.250000,15.429900,14.750000,36249
2020-10-22T04:00:00Z,15.090000,15.160000,15.198100,14.860000,21905
2020-10-23T04:00:00Z,15.030000,15.450000,15.600000,15.030000,43220
2020-10-26T04:00:00Z,15.450000,15.090000,15.450000,14.910000,26730
2020-10-27T04:00:00Z,14.950000,15.260000,15.470000,14.936600,32445
2020-10-28T04:00:00Z,15.260000,14.660000,15.280000,14.430000,54474
2020-10-29T04:00:00Z,14.610000,14.800000,14.999900,14.310000,47859
2020-10-30T04:00:00Z,14.620000,14.540000,14.945200,14.320000,88308
2020-11-02T05:00:00Z,14.310000,13.800000,14.310000,13.500000,70080
2020-11-03T05:00:00Z,13.850000,14.000000,14.210000,13.550000,75243
2020-11-04T05:00:00Z,14.160000,14.300000,14.310000,14.000000,86104
2020-11-05T05:00:00Z,14.550000,14.510000,15.000000,14.460000,54945
2020-11-06T05:00:00Z,14.700000,14.340000,15.010000,14.151400,55780
2020-11-09T05:00:00Z,14.760000,14.860000,15.200000,14.180000,67152
2020-11-10T05:00:00Z,15.000000,15.830000,15.830000,14.686000,67725
2020-11-11T05:00:00Z,15.890000,15.580000,15.950000,15.300000,45296
2020-11-12T05:00:00Z,15.430000,15.420000,15.610000,15.030000,43914
2020-11-13T05:00:00Z,15.280000,15.920000,15.940000,15.210000,39908
2020-11-16T05:00:00Z,16.140000,16.530000,16.684800,16.060000,60297
2020-11-17T05:00:00Z,16.460000,16.810000,16.810000,16.183000,32105
2020-11-18T05:00:00Z,16.710000,16.420000,16.990000,16.261800,55379
2020-11-19T05:00:00Z,16.380000,16.620000,16.805000,16.273000,7897
2020-11-20T05:00:00Z,16.570000,16.590000,16.820000,16.526400,17096
2020-11-23T05:00:00Z,16.560000,17.180000,17.300000,16.560000,62126
2020-11-24T05:00:00Z,17.380000,17.540000,17.840000,17.100000,39628
2020-11-25T05:00:00Z,17.170000,17.400000,17.510000,17.020000,30488
2020-11-27T05:00:00Z,17.430000,17.650000,17.650000,17.176100,26593
2020-11-30T05:00:00Z,17.240000,17.140000,17.670000,16.870000,62363
2020-12-01T05:00:00Z,17.150000,17.150000,17.590900,17.000000,55483
2020-12-02T05:00:00Z,17.000000,17.060000,17.490000,16.930000,47991
2020-12-03T05:00:00Z,17.280000,17.000000,17.407000,16.860000,35403
2020-12-04T05:00:00Z,16.920000,16.800000,17.250000,16.620000,56940
2020-12-07T05:00:00Z,17.050000,17.200000,17.240000,16.800000,23318
2020-12-08T05:00:00Z,17.090000,16.960000,17.300500,16.850000,47381
2020-12-09T05:00:00Z,16.870000,17.300000,17.300000,16.861600,18321
2020-12-10T05:00:00Z,17.340000,17.040000,17.530000,17.040000,61120
2020-12-11T05:00:00Z,17.000000,17.010000,17.239900,16.800000,28371
2020-12-14T05:00:00Z,17.280000,17.550000,17.690000,17.080000,123276
2020-12-15T05:00:00Z,17.690000,17.600000,17.790000,17.340000,104032
2020-12-16T05:00:00Z,17.660000,17.400000,17.930000,17.225000,85493
2020-12-17T05:00:00Z,17.630000,17.440000,17.950000,17.300000,115188
2020-12-18T05:00:00Z,17.400000,17.550000,17.750000,17.330000,289334
2020-12-21T05:00:00Z,17.240000,17.210000,17.499000,17.055000,79769
2020-12-22T05:00:00Z,17.200000,17.200000,17.240000,17.020000,26894
2020-12-23T05:00:00Z,17.310000,17.160000,17.590000,17.050000,25209
2020-12-24T05:00:00Z,17.330000,17.120000,17.500000,17.010000,14095
2020-12-28T05:00:00Z,17.130000,16.990000,17.353000,16.860000,41167
2020-12-29T05:00:00Z,17.050000,17.170000,17.200000,16.950000,43116
2020-12-30T05:00:00Z,17.340000,17.130000,17.340000,17.000000,28111
2020-12-31T05:00:00Z,17.100000,17.170000,17.230000,16.950000,34631
2021-01-04T05:00:00Z,17.500000,17.040000,17.629900,16.900000,109482
2021-01-05T05:00:00Z,17.050000,17.100000,17.380400,17.050000,45815
2021-01-06T05:00:00Z,17.230000,17.010000,17.370000,16.899000,76886
2021-01-07T05:00:00Z,17.000000,17.040000,17.680000,17.000000,79258
2021-01-08T05:00:00Z,17.060000,17.270000,17.480000,17.060000,31881
2021-01-11T05:00:00Z,17.230000,17.210000,17.270000,17.090000,31000
2021-01-12T05:00:00Z,17.270000,17.150000,17.270000,17.050000,52996
2021-01-13T05:00:00Z,17.200000,17.260000,17.440000,17.105000,65510
2021-01-14T05:00:00Z,17.330000,17.320000,17.560000,17.060000,78327
2021-01-15T05:00:00Z,17.280000,17.180000,17.500000,17.150000,91736
2021-01-19T05:00:00Z,17.200000,17.260000,17.490000,17.110000,94471
2021-01-20T05:00:00Z,17.300000,17.520000,17.700000,17.260000,38560
2021-01-21T05:00:00Z,17.450000,18.480000,18.610000,17.415000,96460
2021-01-22T05:00:00Z,18.240000,19.110000,19.110000,18.050000,45476
2021-01-25T05:00:00Z,19.040000,18.940000,19.145000,18.510000,44697
2021-01-26T05:00:00Z,19.020000,18.460000,19.140000,18.400000,59152
2021-01-27T05:00:00Z,18.400000,18.330000,18.830000,18.071100,72663
2021-01-28T05:00:00Z,18.350000,18.540000,18.799900,18.320000,36093
2021-01-29T05:00:00Z,18.610000,18.750000,18.789900,18.320000,115300
2021-02-01T05:00:00Z,18.080000,18.240000,18.489900,17.840100,38171
2021-02-02T05:00:00Z,18.310000,17.980000,18.310000,17.900000,39959
2021-02-03T05:00:00Z,18.120000,17.670000,18.120000,17.530000,40758
2021-02-04T05:00:00Z,17.707700,18.070000,18.080000,17.707700,25903
2021-02-05T05:00:00Z,18.190000,18.280000,18.356000,18.000000,57534
2021-02-08T05:00:00Z,18.410000,18.980000,18.980000,18.350000,119637
2021-02-09T05:00:00Z,19.060000,19.040000,19.080000,18.736400,63378
2021-02-10T05:00:00Z,19.100000,18.890000,19.150000,18.751200,48244
2021-02-11T05:00:00Z,18.940000,18.940000,19.090000,18.650000,72406
2021-02-12T05:00:00Z,18.810000,18.890000,19.140000,18.700000,74649
2021-02-16T05:00:00Z,19.010000,18.890000,19.320000,18.800000,37497
2021-02-17T05:00:00Z,18.770000,18.760000,18.920000,18.550000,24462
2021-02-18T05:00:00Z,18.740000,18.240000,18.740000,18.010000,29779
2021-02-19T05:00:00Z,18.250000,18.430000,18.749900,18.110000,42981
2021-02-22T05:00:00Z,18.320000,18.400000,18.650000,18.320000,58300
2021-02-23T05:00:00Z,18.350000,18.380000,18.430000,18.044600,58079
2021-02-24T05:00:00Z,18.360000,18.220000,18.510000,18.020000,165458
2021-02-25T05:00:00Z,18.440000,17.570000,18.440000,16.900000,293694
2021-02-26T05:00:00Z,17.620000,17.120000,17.850000,16.900000,228445
2021-03-01T05:00:00Z,17.560000,17.610000,18.090000,17.310000,84979
2021-03-02T05:00:00Z,18.180000,17.850000,18.300000,17.730000,82901
2021-03-03T05:00:00Z,17.850000,17.710000,18.038600,17.650000,135680
2021-03-04T05:00:00Z,17.740000,17.960000,18.100000,17.640000,67318
2021-03-05T05:00:00Z,18.270000,18.060000,18.270000,17.610000,72702
2021-03-08T05:00:00Z,18.240000,17.970000,18.240000,17.880000,57351
2021-03-09T05:00:00Z,18.090000,18.000000,18.170000,17.776900,77336
2021-03-10T05:00:00Z,18.000000,18.460000,18.530000,17.960000,53031
2021-03-11T05:00:00Z,18.600000,18.430000,18.600000,18.305000,71065
2021-03-12T05:00:00Z,18.500000,18.580000,18.810000,18.480000,59807
2021-03-15T04:00:00Z,18.700000,18.680000,19.000000,18.670000,110545
2021-03-16T04:00:00Z,18.800000,18.780000,19.030000,18.660000,167334
2021-03-17T04:00:00Z,18.870000,19.340000,19.380000,18.560000,71790
2021-03-18T04:00:00Z,19.340000,18.560000,19.449900,18.350000,147434
2021-03-19T04:00:00Z,18.560000,18.500000,19.000000,18.480000,119670
2021-03-22T04:00:00Z,18.680000,18.880000,18.940000,18.450000,55403
2021-03-23T04:00:00Z,18.900000,18.800000,19.150000,18.500000,68270
2021-03-24T04:00:00Z,18.980000,19.050000,19.290000,18.700000,37207
2021-03-25T04:00:00Z,19.030000,18.750000,19.030000,18.490000,53933
2021-03-26T04:00:00Z,18.840000,18.970000,19.010000,18.600000,28881
2021-03-29T04:00:00Z,19.100000,19.390000,19.420000,19.010000,48594
2021-03-30T04:00:00Z,19.390000,19.290000,19.550000,19.160000,37594
2021-03-31T04:00:00Z,19.290000,18.580000,19.558800,18.550000,94957
2021-04-01T04:00:00Z,18.840000,18.930000,18.999900,18.640000,21525
2021-04-05T04:00:00Z,19.190000,19.210000,19.380000,18.980000,85343
2021-04-06T04:00:00Z,19.360000,19.530000,19.600000,19.130000,52048
2021-04-07T04:00:00Z,19.580000,19.460000,19.747300,19.330000,34414
2021-04-08T04:00:00Z,19.620000,19.650000,19.739900,19.400100,43812
2021-04-09T04:00:00Z,19.720000,19.430000,19.820000,19.335000,63586
2021-04-12T04:00:00Z,19.480000,19.710000,19.720000,19.400000,57596
2021-04-13T04:00:00Z,19.820000,19.630000,19.820000,19.447000,24701
2021-04-14T04:00:00Z,19.720000,19.580000,19.777500,19.350000,50267
2021-04-15T04:00:00Z,19.400000,19.610000,19.720000,19.392000,53372
2021-04-16T04:00:00Z,19.630000,19.740000,19.800000,19.548700,28961
2021-04-19T04:00:00Z,19.750000,19.870000,19.950000,19.650000,86718
2021-04-20T04:00:00Z,19.980000,19.620000,19.980000,19.340000,69858
2021-04-21T04:00:00Z,19.620000,19.570000,19.800000,19.410000,180782
2021-04-22T04:00:00Z,19.700000,19.590000,19.780000,19.496200,55126
2021-04-23T04:00:00Z,19.870000,20.170000,20.170000,19.610000,91852
2021-04-26T04:00:00Z,20.250000,20.250000,20.405000,20.090000,97725
2021-04-27T04:00:00Z,20.370000,20.400000,20.480000,20.210000,53560
2021-04-28T04:00:00Z,20.360000,20.510000,20.710000,20.360000,71251
2021-04-29T04:00:00Z,20.760000,21.110000,21.230000,20.720000,136031
2021-04-30T04:00:00Z,21.480000,21.660000,21.728800,21.150000,165404
2021-05-03T04:00:00Z,21.240000,20.510000,21.298600,20.500000,142989
2021-05-04T04:00:00Z,20.630000,20.370000,20.760000,20.150000,69785
2021-05-05T04:00:00Z,20.400000,20.290000,20.626800,20.134300,59744
2021-05-06T04:00:00Z,20.250000,20.130000,20.355000,19.950000,62928
2021-05-07T04:00:00Z,20.150000,20.370000,20.460000,20.000000,27727
2021-05-10T04:00:00Z,20.470000,20.570000,20.669900,20.309900,38609
2021-05-11T04:00:00Z,20.390000,20.230000,20.390000,19.500000,126581
2021-05-12T04:00:00Z,20.130000,20.300000,20.520000,20.130000,76939
2021-05-13T04:00:00Z,20.150000,20.100000,20.279900,19.900000,57195
2021-05-14T04:00:00Z,20.120000,19.900000,20.320000,19.900000,101506
2021-05-17T04:00:00Z,19.810000,19.580000,19.990000,19.580000,106247
2021-05-18T04:00:00Z,19.740000,19.450000,19.779900,19.300000,91605
2021-05-19T04:00:00Z,19.400000,18.980000,19.426000,18.834700,79067
2021-05-20T04:00:00Z,18.980000,18.960000,19.000000,18.800000,53488
2021-05-21T04:00:00Z,19.130000,19.000000,19.220000,18.900000,64769
2021-05-24T04:00:00Z,18.910000,18.650000,19.000000,18.500000,147129
2021-05-25T04:00:00Z,18.700000,18.300000,18.790000,18.270000,84978
2021-05-26T04:00:00Z,18.340000,18.250000,18.679200,18.173400,93859
2021-05-27T04:00:00Z,18.300000,18.830000,18.950000,18.250000,128320
2021-05-28T04:00:00Z,18.950000,19.560000,19.660000,18.750000,107737
2021-06-01T04:00:00Z,19.750000,19.630000,19.830000,19.500000,45090
2021-06-02T04:00:00Z,19.700000,19.660000,19.770000,19.405900,35119
2021-06-03T04:00:00Z,19.500000,19.560000,19.690000,19.500000,49176
2021-06-04T04:00:00Z,19.520000,19.210000,19.660000,19.190000,56522
2021-06-07T04:00:00Z,19.370000,19.450000,19.600000,19.310000,23627
2021-06-08T04:00:00Z,19.520000,19.290000,19.530000,19.260400,43898
2021-06-09T04:00:00Z,19.380000,19.410000,19.570000,19.320000,64452
2021-06-10T04:00:00Z,19.470000,19.720000,19.920000,19.410000,84776
2021-06-11T04:00:00Z,19.720000,19.960000,20.180000,19.720000,81235
2021-06-14T04:00:00Z,19.960000,19.730000,20.210000,19.615000,49503
2021-06-15T04:00:00Z,19.910000,20.090000,20.090000,19.517000,47704
2021-06-16T04:00:00Z,20.090000,20.020000,20.190400,19.990000,43862
2021-06-17T04:00:00Z,19.940000,19.420000,19.940000,19.060000,68484
2021-06-18T04:00:00Z,19.350000,19.350000,19.480000,19.085000,100519
2021-06-21T04:00:00Z,19.510000,19.700000,19.752400,19.379300,31316
2021-06-22T04:00:00Z,19.800000,19.700000,19.800000,19.382100,145992
2021-06-23T04:00:00Z,19.600000,19.730000,19.840000,19.600000,29448
2021-06-24T04:00:00Z,19.670000,19.650000,19.780000,19.600000,26447
2021-06-25T04:00:00Z,19.600000,19.220000,19.637400,19.200000,46116
2021-06-28T04:00:00Z,19.370000,18.590000,19.370000,18.500000,111978
2021-06-29T04:00:00Z,18.560000,18.740000,18.880000,18.560000,35413
2021-06-30T04:00:00Z,18.870000,19.060000,19.440000,18.865600,47523
2021-07-01T04:00:00Z,19.150000,19.070000,19.290000,18.800000,52503
2021-07-02T04:00:00Z,18.920000,19.180000,19.240000,18.840100,21475
2021-07-06T04:00:00Z,19.290000,19.220000,19.290000,18.990000,32747
2021-07-07T04:00:00Z,19.300000,19.030000,19.300000,18.759900,67657
2021-07-08T04:00:00Z,18.740000,18.880000,19.010000,18.630000,28103
2021-07-09T04:00:00Z,19.090000,19.160000,19.229900,18.986200,22591
2021-07-12T04:00:00Z,19.290000,19.280000,19.295000,19.000100,24108
2021-07-13T04:00:00Z,19.280000,19.420000,19.449900,19.200000,23678
2021-07-14T04:00:00Z,19.560000,19.740000,19.740000,19.360000,37667
2021-07-15T04:00:00Z,19.690000,19.270000,19.690000,19.217600,51295
2021-07-16T04:00:00Z,19.270000,19.440000,19.440000,19.210000,33367
2021-07-19T04:00:00Z,19.310000,18.380000,19.310000,18.260000,111632
2021-07-20T04:00:00Z,18.380000,18.950000,18.999900,18.380000,45223
2021-07-21T04:00:00Z,18.950000,19.220000,19.479900,18.950000,35788
2021-07-22T04:00:00Z,19.200000,18.900000,19.280000,18.852300,15630
2021-07-23T04:00:00Z,19.160000,19.320000,19.350000,18.910000,47020
2021-07-26T04:00:00Z,19.350000,19.600000,19.600000,19.344700,29903
2021-07-27T04:00:00Z,19.600000,19.770000,19.899900,19.410000,76423
2021-07-28T04:00:00Z,19.970000,20.230000,20.269900,19.740000,78973
2021-07-29T04:00:00Z,20.260000,20.350000,20.379900,19.970000,45658
2021-07-30T04:00:00Z,20.400000,20.470000,20.811200,20.320000,183077
2021-08-02T04:00:00Z,20.130000,19.370000,20.260000,19.330000,96793
2021-08-03T04:00:00Z,19.370000,18.690000,19.370000,18.600000,73978
2021-08-04T04:00:00Z,18.600000,18.480000,18.837200,18.407500,54433
2021-08-05T04:00:00Z,18.560000,18.580000,18.700000,18.400100,44534
2021-08-06T04:00:00Z,18.690000,18.520000,18.910000,18.400000,59203
