Date, Open, Close, High, Low, Volume
2019-09-27T04:00:00Z,25.010000,25.010000,25.010000,25.010000,200
2019-09-30T04:00:00Z,25.010000,25.010000,25.010000,25.010000,0
2019-10-01T04:00:00Z,25.010000,25.010000,25.010000,25.010000,0
2019-10-02T04:00:00Z,25.030000,25.030000,25.030000,25.030000,500
2019-10-03T04:00:00Z,25.030000,25.030000,25.030000,25.030000,0
2019-10-04T04:00:00Z,25.030000,25.030000,25.030000,25.030000,0
2019-10-07T04:00:00Z,25.030000,25.030000,25.030000,25.030000,0
2019-10-08T04:00:00Z,25.030000,25.030000,25.030000,25.030000,0
2019-10-09T04:00:00Z,25.096300,25.085000,25.096300,25.082300,1268
2019-10-10T04:00:00Z,25.085000,25.085000,25.085000,25.085000,0
2019-10-11T04:00:00Z,25.085000,25.085000,25.085000,25.085000,0
2019-10-14T04:00:00Z,25.085000,25.085000,25.085000,25.085000,0
2019-10-15T04:00:00Z,25.080000,25.080000,25.140000,25.070000,14986
2019-10-16T04:00:00Z,25.080000,25.080000,25.080000,25.080000,378
2019-10-17T04:00:00Z,25.080000,25.080000,25.080000,25.080000,0
2019-10-18T04:00:00Z,25.080000,25.080000,25.080000,25.080000,0
2019-10-21T04:00:00Z,25.011800,25.015000,25.029900,25.011800,1100
2019-10-22T04:00:00Z,25.010000,25.010000,25.010000,25.010000,400
2019-10-23T04:00:00Z,25.030000,25.033300,25.040000,25.015200,2399
2019-10-24T04:00:00Z,25.030000,24.996000,25.030000,24.996000,2691
2019-10-25T04:00:00Z,24.980000,24.980000,24.980000,24.980000,1192
2019-10-28T04:00:00Z,25.010000,25.010000,25.010000,25.000000,3990
2019-10-29T04:00:00Z,25.030000,25.020000,25.030000,25.019800,1000
2019-10-30T04:00:00Z,24.995000,25.030000,25.040000,24.995000,6718
2019-10-31T04:00:00Z,25.059000,25.080000,25.080000,25.059000,8440
2019-11-01T04:00:00Z,25.048500,25.048500,25.048500,25.048500,1601
2019-11-05T04:00:00Z,25.048500,25.048500,25.048500,25.048500,0
2019-11-05T05:00:00Z,25.040000,25.040000,25.040000,25.040000,101
2019-11-06T05:00:00Z,25.060000,25.060000,25.060000,25.059800,19664
2019-11-07T05:00:00Z,25.040000,25.020000,25.040000,25.013600,3267
2019-11-08T05:00:00Z,25.035500,25.035500,25.035500,25.035500,200
2019-11-11T05:00:00Z,25.035500,25.035500,25.035500,25.035500,0
2019-11-12T05:00:00Z,25.035500,25.035500,25.035500,25.035500,0
2019-11-13T05:00:00Z,25.043000,25.050000,25.050000,25.040000,2666
2019-11-14T05:00:00Z,25.050000,25.050000,25.050000,25.050000,750
2019-11-15T05:00:00Z,25.049800,25.050000,25.050000,25.049800,326
2019-11-18T05:00:00Z,25.023100,25.005400,25.023100,25.005400,2172
2019-11-19T05:00:00Z,25.050000,25.020000,25.050000,25.020000,2878
2019-11-20T05:00:00Z,25.033600,25.059500,25.060000,25.033600,13951
2019-11-21T05:00:00Z,25.015200,25.015200,25.015200,25.015200,301
2019-11-22T05:00:00Z,25.030000,25.040000,25.040000,25.030000,2008
2019-11-25T05:00:00Z,25.030000,25.030000,25.030000,25.030000,16190
2019-11-26T05:00:00Z,25.041000,25.050000,25.050000,25.038900,1991
2019-11-27T05:00:00Z,25.050000,25.050000,25.050000,25.050000,8109
2019-11-29T05:00:00Z,25.060000,25.060000,25.060000,25.060000,110
2019-12-02T05:00:00Z,25.020000,25.020000,25.020000,25.020000,1004
2019-12-03T05:00:00Z,25.060100,25.060100,25.060100,25.060100,498
2019-12-04T05:00:00Z,25.060100,25.060100,25.060100,25.060100,0
2019-12-05T05:00:00Z,25.070000,25.046100,25.070000,25.046100,558
2019-12-06T05:00:00Z,25.080000,25.080000,25.080000,25.079800,1376
2019-12-09T05:00:00Z,25.085000,25.090000,25.090000,25.085000,534
2019-12-10T05:00:00Z,25.070000,25.090000,25.090000,25.065000,1056
2019-12-11T05:00:00Z,25.100000,25.093600,25.100000,25.060000,1517
2019-12-12T05:00:00Z,25.086500,25.090000,25.090000,25.086500,809
2019-12-13T05:00:00Z,25.084900,25.100000,25.100000,25.084900,2989
2019-12-16T05:00:00Z,25.087300,25.087300,25.087300,25.087300,1006
2019-12-17T05:00:00Z,25.100000,25.110000,25.110000,25.098500,11884
2019-12-18T05:00:00Z,25.110000,25.110000,25.110000,25.103300,7924
2019-12-19T05:00:00Z,25.100000,25.110000,25.110000,25.100000,9768
2019-12-20T05:00:00Z,25.100000,25.100000,25.110000,25.100000,4030
2019-12-23T05:00:00Z,25.090000,25.090000,25.090000,25.070100,13585
2019-12-24T05:00:00Z,25.090000,25.090000,25.090000,25.090000,0
2019-12-26T05:00:00Z,25.077200,25.077200,25.077200,25.077200,140
2019-12-27T05:00:00Z,25.066100,25.050100,25.066100,25.050100,2315
2019-12-30T05:00:00Z,25.070000,25.060000,25.070000,25.054900,2424
2019-12-31T05:00:00Z,25.100000,25.090000,25.100000,25.079700,5514
2020-01-02T05:00:00Z,25.085000,25.090000,25.090000,25.084700,4815
2020-01-03T05:00:00Z,25.130000,25.110000,25.130000,25.093200,3670
