Date, Open, Close, High, Low, Volume
2019-09-26T04:00:00Z,25.030000,25.030000,25.030000,25.029900,670
2019-09-27T04:00:00Z,25.030000,25.030000,25.030000,25.030000,0
2019-09-30T04:00:00Z,25.030000,25.030000,25.030000,25.030000,0
2019-10-01T04:00:00Z,25.030000,25.030000,25.030000,25.030000,0
2019-10-02T04:00:00Z,25.030000,25.030000,25.030000,25.030000,0
2019-10-03T04:00:00Z,25.030000,25.030000,25.030000,25.030000,0
2019-10-04T04:00:00Z,25.030000,25.030000,25.030000,25.030000,0
2019-10-07T04:00:00Z,25.030000,25.030000,25.030000,25.030000,0
2019-10-08T04:00:00Z,25.030000,25.030000,25.030000,25.030000,0
2019-10-09T04:00:00Z,25.030000,25.030000,25.030000,25.030000,0
2019-10-10T04:00:00Z,25.030000,25.030000,25.030000,25.030000,0
2019-10-11T04:00:00Z,25.030000,25.030000,25.030000,25.030000,0
2019-10-14T04:00:00Z,25.077300,25.077300,25.077300,25.077300,2988
2019-10-15T04:00:00Z,25.120000,25.075000,25.120000,25.075000,8850
2019-10-16T04:00:00Z,25.080000,25.080000,25.080000,25.080000,470
2019-10-17T04:00:00Z,25.080000,25.080000,25.080000,25.080000,0
2019-10-18T04:00:00Z,25.060000,25.050000,25.060000,25.050000,2785
2019-10-21T04:00:00Z,25.000000,25.000000,25.010000,24.990000,8531
2019-10-22T04:00:00Z,24.930000,24.980000,24.980000,24.930000,1386
2019-10-23T04:00:00Z,24.981400,24.985000,25.000000,24.981400,1100
2019-10-24T04:00:00Z,24.983200,24.983200,24.983200,24.983200,2000
2019-10-25T04:00:00Z,24.983200,24.983200,24.983200,24.983200,0
2019-10-28T04:00:00Z,24.970000,24.970000,24.970000,24.960000,2910
2019-10-29T04:00:00Z,24.980000,24.980000,24.990000,24.980000,2319
2019-10-30T04:00:00Z,24.975400,24.975400,24.975400,24.975400,250
2019-10-31T04:00:00Z,25.040000,25.030900,25.040000,25.030900,2895
2019-11-01T04:00:00Z,25.030900,25.030900,25.030900,25.030900,0
2019-11-05T04:00:00Z,25.030900,25.030900,25.030900,25.030900,0
2019-11-05T05:00:00Z,25.000000,25.000000,25.000000,25.000000,255
2019-11-06T05:00:00Z,25.020000,25.020000,25.020000,25.019800,1113
2019-11-07T05:00:00Z,25.020000,25.020000,25.020000,25.020000,0
2019-11-08T05:00:00Z,25.020000,25.020000,25.020000,25.020000,0
2019-11-11T05:00:00Z,25.020000,25.020000,25.020000,25.020000,0
2019-11-12T05:00:00Z,25.020000,25.020000,25.020000,25.020000,0
2019-11-13T05:00:00Z,24.992900,24.965000,25.000000,24.965000,5763
2019-11-14T05:00:00Z,24.993100,24.993100,24.993100,24.993100,2005
2019-11-15T05:00:00Z,24.993100,24.993100,24.993100,24.993100,0
2019-11-18T05:00:00Z,24.985500,24.985500,24.985500,24.985500,750
2019-11-19T05:00:00Z,24.999800,24.990000,25.000000,24.984100,4693
2019-11-20T05:00:00Z,25.020000,25.030000,25.030000,25.020000,9322
2019-11-21T05:00:00Z,25.010000,25.010000,25.010000,25.010000,100
2019-11-22T05:00:00Z,25.030000,25.030000,25.030000,25.030000,738
2019-11-25T05:00:00Z,25.020000,25.030000,25.030000,25.020000,16551
2019-11-26T05:00:00Z,25.020000,25.020000,25.020000,25.020000,986
2019-11-27T05:00:00Z,25.060000,25.060000,25.060000,25.060000,3451
2019-11-29T05:00:00Z,25.060000,25.060000,25.060000,25.060000,0
2019-12-02T05:00:00Z,25.040000,25.040000,25.040000,25.040000,501
2019-12-03T05:00:00Z,25.050000,25.070000,25.089800,25.050000,2779
2019-12-04T05:00:00Z,25.070000,25.070000,25.070000,25.070000,0
2019-12-05T05:00:00Z,25.070000,25.070000,25.070000,25.070000,0
2019-12-06T05:00:00Z,25.070000,25.070000,25.070000,25.070000,0
2019-12-09T05:00:00Z,25.085000,25.085000,25.085000,25.085000,358
2019-12-10T05:00:00Z,25.080000,25.080000,25.080000,25.080000,444
2019-12-11T05:00:00Z,25.100000,25.100000,25.100000,25.100000,1000
2019-12-12T05:00:00Z,25.090000,25.090000,25.090000,25.090000,1000
2019-12-13T05:00:00Z,25.101000,25.110000,25.110000,25.101000,796
2019-12-16T05:00:00Z,25.110000,25.110000,25.110000,25.110000,0
2019-12-17T05:00:00Z,25.088200,25.120000,25.125000,25.088200,10864
2019-12-18T05:00:00Z,25.092900,25.120000,25.120000,25.092900,2529
2019-12-19T05:00:00Z,25.090000,25.106500,25.120000,25.090000,5763
2019-12-20T05:00:00Z,25.089000,25.089000,25.110000,25.089000,1830
2019-12-23T05:00:00Z,25.068100,25.080000,25.080000,25.068100,1842
2019-12-24T05:00:00Z,25.105000,25.110000,25.110000,25.100000,1868
2019-12-26T05:00:00Z,25.100000,25.100000,25.100000,25.100000,2373
2019-12-27T05:00:00Z,25.092000,25.100000,25.100000,25.086500,1269
2019-12-30T05:00:00Z,25.100000,25.120000,25.120000,25.084100,4506
2019-12-31T05:00:00Z,25.120000,25.120000,25.120000,25.120000,0
2020-01-02T05:00:00Z,25.106500,25.120000,25.120000,25.106500,12260
2020-01-03T05:00:00Z,25.160000,25.180000,25.180000,25.160000,1301
