Date, Open, Close, High, Low, Volume
2019-09-26T04:00:00Z,25.030000,25.040000,25.040000,25.030000,40335
2019-09-27T04:00:00Z,25.010000,25.010000,25.010000,25.010000,200
2019-09-30T04:00:00Z,25.010000,25.010000,25.010000,25.010000,0
2019-10-01T04:00:00Z,25.020000,25.020000,25.020000,25.020000,1500
2019-10-02T04:00:00Z,25.080000,25.059000,25.080000,25.059000,1900
2019-10-03T04:00:00Z,25.059000,25.059000,25.059000,25.059000,0
2019-10-04T04:00:00Z,25.059000,25.059000,25.059000,25.059000,0
2019-10-07T04:00:00Z,25.059000,25.059000,25.059000,25.059000,0
2019-10-08T04:00:00Z,25.059000,25.059000,25.059000,25.059000,0
2019-10-09T04:00:00Z,25.059000,25.059000,25.059000,25.059000,0
2019-10-10T04:00:00Z,25.059000,25.059000,25.059000,25.059000,0
2019-10-11T04:00:00Z,25.059000,25.059000,25.059000,25.059000,0
2019-10-14T04:00:00Z,25.059000,25.059000,25.059000,25.059000,0
2019-10-15T04:00:00Z,25.040000,25.090000,25.090000,25.040000,9336
2019-10-16T04:00:00Z,25.090000,25.090000,25.090000,25.090000,0
2019-10-17T04:00:00Z,25.090000,25.090000,25.090000,25.090000,0
2019-10-18T04:00:00Z,25.090000,25.090000,25.090000,25.090000,0
2019-10-21T04:00:00Z,24.980000,24.970000,24.990000,24.970000,8355
2019-10-22T04:00:00Z,24.970000,24.970000,24.970000,24.970000,0
2019-10-23T04:00:00Z,24.971400,24.975000,24.980000,24.971400,1100
2019-10-24T04:00:00Z,24.960000,24.960000,24.960000,24.959800,3998
2019-10-25T04:00:00Z,24.960000,24.960000,24.960000,24.960000,0
2019-10-28T04:00:00Z,24.940000,24.950000,24.953800,24.940000,12690
2019-10-29T04:00:00Z,24.950000,24.950000,24.950000,24.950000,0
2019-10-30T04:00:00Z,24.940000,24.960000,24.960000,24.940000,2103
2019-10-31T04:00:00Z,24.960000,24.960000,24.960000,24.960000,0
2019-11-01T04:00:00Z,25.039800,25.040000,25.040000,25.039800,1301
2019-11-04T05:00:00Z,25.029500,25.020000,25.030000,25.015000,5197
2019-11-05T05:00:00Z,24.970000,24.970000,24.970000,24.970000,117
2019-11-06T05:00:00Z,24.970000,24.970000,24.970000,24.970000,0
2019-11-07T05:00:00Z,24.940000,24.940000,24.940000,24.940000,350
2019-11-08T05:00:00Z,24.910000,24.901500,24.920000,24.901500,5300
2019-11-11T05:00:00Z,24.901500,24.901500,24.901500,24.901500,0
2019-11-12T05:00:00Z,24.901500,24.901500,24.901500,24.901500,0
2019-11-13T05:00:00Z,24.950000,24.943700,24.960000,24.943700,8089
2019-11-14T05:00:00Z,24.977100,24.977100,24.977100,24.977100,2000
2019-11-15T05:00:00Z,24.980000,24.980000,24.980000,24.980000,4085
2019-11-18T05:00:00Z,24.970000,24.960000,24.980000,24.960000,2271
2019-11-19T05:00:00Z,24.960000,24.970000,24.970000,24.949900,3245
2019-11-20T05:00:00Z,25.010000,25.010000,25.010000,25.010000,1600
2019-11-21T05:00:00Z,24.984400,24.984400,24.984400,24.984400,200
2019-11-22T05:00:00Z,24.984400,24.984400,24.984400,24.984400,0
2019-11-25T05:00:00Z,24.984400,24.984400,24.984400,24.984400,0
2019-11-26T05:00:00Z,25.010000,25.010000,25.010000,25.010000,489
2019-11-27T05:00:00Z,25.041600,25.041600,25.041600,25.041600,3452
2019-11-29T05:00:00Z,25.041600,25.041600,25.041600,25.041600,0
2019-12-02T05:00:00Z,25.041600,25.041600,25.041600,25.041600,0
2019-12-03T05:00:00Z,25.040000,25.090000,25.100000,25.040000,9064
2019-12-04T05:00:00Z,25.048100,25.048100,25.048100,25.048100,1200
2019-12-05T05:00:00Z,25.048100,25.048100,25.048100,25.048100,0
2019-12-06T05:00:00Z,25.057700,25.057700,25.057700,25.057700,1003
2019-12-09T05:00:00Z,25.070000,25.070000,25.070000,25.070000,400
2019-12-10T05:00:00Z,25.050000,25.080000,25.080000,25.050000,1645
2019-12-11T05:00:00Z,25.080000,25.080000,25.080000,25.080000,0
2019-12-12T05:00:00Z,25.090000,25.090000,25.090000,25.090000,2008
2019-12-13T05:00:00Z,25.109600,25.109600,25.109600,25.109600,398
2019-12-16T05:00:00Z,25.090000,25.090000,25.090000,25.090000,1118
2019-12-17T05:00:00Z,25.089900,25.120000,25.120000,25.085400,11353
2019-12-18T05:00:00Z,25.094400,25.095000,25.095000,25.094400,1001
2019-12-19T05:00:00Z,25.070100,25.100000,25.100000,25.070100,1120
2019-12-20T05:00:00Z,25.099000,25.070900,25.099000,25.070900,2518
2019-12-23T05:00:00Z,25.060000,25.060000,25.060000,25.050100,6923
2019-12-24T05:00:00Z,25.089800,25.090000,25.090000,25.089800,1287
2019-12-26T05:00:00Z,25.070000,25.070000,25.070000,25.070000,299
2019-12-27T05:00:00Z,25.080000,25.080000,25.080000,25.080000,2391
2019-12-30T05:00:00Z,25.090000,25.087000,25.090000,25.080000,2683
2019-12-31T05:00:00Z,25.098700,25.100000,25.100000,25.098700,1705
2020-01-02T05:00:00Z,25.120000,25.100000,25.120000,25.100000,6582
2020-01-03T05:00:00Z,25.180000,25.200000,25.200000,25.180000,1482
