Date, Open, Close, High, Low, Volume
2021-07-09T04:00:00Z,25.050000,25.015000,25.050000,25.015000,107
2021-07-12T04:00:00Z,25.015000,25.035000,25.060000,25.035000,18052
2021-07-13T04:00:00Z,25.035000,24.990000,25.013400,24.990000,3254
2021-07-14T04:00:00Z,24.990000,24.990000,24.990000,24.990000,72
2021-07-15T04:00:00Z,24.990000,24.990000,24.990000,24.990000,12
2021-07-16T04:00:00Z,24.990000,24.960000,24.960000,24.960000,938
2021-07-19T04:00:00Z,24.860000,24.780000,24.860000,24.730000,17600
2021-07-20T04:00:00Z,24.780000,24.820000,24.820000,24.820000,20
2021-07-21T04:00:00Z,24.820000,24.925000,24.925000,24.925000,60
2021-07-22T04:00:00Z,24.925000,24.950000,24.950000,24.950000,1
2021-07-23T04:00:00Z,24.950000,24.950000,24.950000,24.950000,0
2021-07-26T04:00:00Z,24.975000,24.970000,24.970000,24.970000,442
2021-07-27T04:00:00Z,24.970000,24.955000,24.970000,24.955000,6735
2021-07-28T04:00:00Z,25.000000,24.980000,25.010000,24.969000,47710
2021-07-29T04:00:00Z,24.980000,24.980000,24.980000,24.980000,0
2021-07-30T04:00:00Z,24.970000,24.955000,24.970000,24.955000,1202
2021-08-02T04:00:00Z,24.990000,24.945000,24.945000,24.945000,41
2021-08-03T04:00:00Z,24.945000,24.950000,24.960000,24.950000,13153
2021-08-04T04:00:00Z,24.950000,24.910000,24.950000,24.910000,4534
2021-08-05T04:00:00Z,24.910000,24.910000,24.910000,24.910000,0
2021-08-06T04:00:00Z,24.930000,24.920000,24.930000,24.920000,201
