Date, Open, Close, High, Low, Volume
2019-12-09T05:00:00Z,25.030000,25.060000,25.070000,25.030000,1000
2019-12-10T05:00:00Z,25.030000,25.030000,25.030000,25.020000,1279
2019-12-11T05:00:00Z,25.050000,25.090000,25.090000,25.020000,260354
2019-12-12T05:00:00Z,24.949000,24.906800,24.949000,24.906800,1518
2019-12-13T05:00:00Z,24.990000,25.070000,25.095400,24.960000,5279
2019-12-16T05:00:00Z,24.940000,24.949800,24.955200,24.920000,7701
2019-12-17T05:00:00Z,24.970000,25.035000,27.325400,24.940000,19954
2019-12-18T05:00:00Z,24.950000,24.925000,24.980000,24.900000,9545
2019-12-19T05:00:00Z,24.950000,24.949900,25.050000,24.933500,7799
2019-12-20T05:00:00Z,24.923200,24.923200,24.923200,24.923200,172
2019-12-23T05:00:00Z,24.915800,24.910000,24.920000,24.910000,7311
2019-12-24T05:00:00Z,24.890000,24.916000,24.916000,24.861700,2073
2019-12-26T05:00:00Z,24.940000,25.010000,25.080000,24.940000,3651
2019-12-27T05:00:00Z,24.930000,24.930000,24.930000,24.930000,1391
2019-12-30T05:00:00Z,24.906100,24.906100,24.906100,24.906100,636
2019-12-31T05:00:00Z,24.930000,24.930000,24.930000,24.930000,158
2020-01-02T05:00:00Z,25.010000,25.030000,25.440000,25.010000,223421
2020-01-03T05:00:00Z,25.020000,25.050000,25.310000,24.990000,5673
