Date, Open, Close, High, Low, Volume
2018-01-02T05:00:00Z,24.920300,24.930400,24.940000,24.920300,6507
2018-01-03T05:00:00Z,24.950000,24.927200,24.960000,24.910000,11774
2018-01-04T05:00:00Z,24.940000,24.920000,24.950000,24.920000,7399
2018-01-05T05:00:00Z,24.939900,24.940000,24.940000,24.930000,6653
2018-01-08T05:00:00Z,24.940000,24.930000,25.000000,24.910000,6224
2018-01-09T05:00:00Z,24.950000,24.930100,24.950000,24.930000,2142
2018-01-10T05:00:00Z,24.920000,24.920000,24.930000,24.920000,824
2018-01-11T05:00:00Z,24.920000,24.920000,24.920000,24.920000,0
2018-01-12T05:00:00Z,24.940000,24.930000,24.940000,24.930000,1326
2018-01-16T05:00:00Z,24.933600,24.939600,24.939600,24.920000,1111
2018-01-17T05:00:00Z,24.935000,24.920000,24.935000,24.920000,462
2018-01-18T05:00:00Z,24.840000,24.925000,24.925000,24.840000,16157
2018-01-19T05:00:00Z,24.930000,24.960000,24.960000,24.910000,7370
2018-01-22T05:00:00Z,24.930000,24.970000,24.970000,24.920000,1215
2018-01-23T05:00:00Z,24.950000,24.912400,24.950000,24.910000,23161
2018-01-24T05:00:00Z,24.950000,24.911700,24.950000,24.910000,8241
2018-01-25T05:00:00Z,24.910000,24.920000,24.929900,24.910000,5364
2018-01-26T05:00:00Z,24.850000,24.910000,24.928300,24.850000,31092
2018-01-29T05:00:00Z,24.900000,24.920000,24.930000,24.900000,810699
2018-01-30T05:00:00Z,24.920000,24.915000,24.940000,24.910000,82947
2018-01-31T05:00:00Z,24.919600,24.914100,24.930000,24.910000,5704
2018-02-01T05:00:00Z,26.180000,24.919000,26.180000,24.919000,3100
2018-02-02T05:00:00Z,24.916200,24.929900,24.930000,24.910000,3127
2018-02-05T05:00:00Z,24.940000,24.913300,24.940000,24.910000,4906
2018-02-06T05:00:00Z,24.929900,24.940000,24.940000,24.898200,34769
2018-02-07T05:00:00Z,24.910000,24.940000,24.940000,24.910000,20097
2018-02-08T05:00:00Z,24.930000,24.910100,24.940000,24.910100,1363
2018-02-09T05:00:00Z,24.920000,24.930000,24.940000,24.920000,4532
2018-02-12T05:00:00Z,24.942300,24.930000,24.942300,24.930000,528
2018-02-13T05:00:00Z,24.940000,24.940000,24.940000,24.940000,7455
2018-02-14T05:00:00Z,24.920100,24.920000,24.950000,24.920000,14591
2018-02-15T05:00:00Z,24.935000,24.930100,24.940000,24.930100,6650
2018-02-16T05:00:00Z,24.869200,24.920000,24.936700,24.860000,31790
2018-02-20T05:00:00Z,24.825000,24.830000,24.865800,24.825000,1628
2018-02-21T05:00:00Z,24.830000,24.870000,24.870000,24.830000,3313
2018-02-22T05:00:00Z,24.900000,24.830000,24.970000,24.830000,11542
2018-02-23T05:00:00Z,24.920000,24.890000,24.920000,24.852800,9015
2018-02-26T05:00:00Z,24.930000,24.880000,24.979900,24.842000,7949
2018-02-27T05:00:00Z,24.930000,24.880000,24.930000,24.880000,11322
2018-02-28T05:00:00Z,24.904600,24.890000,24.970000,24.871000,6131
2018-03-01T05:00:00Z,25.000000,25.000000,25.000000,25.000000,487
2018-03-02T05:00:00Z,24.900100,24.900000,24.959900,24.900000,18711
2018-03-05T05:00:00Z,24.930000,24.900000,24.930000,24.900000,4872
2018-03-06T05:00:00Z,24.855100,24.900000,24.970000,24.822500,8524
2018-03-07T05:00:00Z,24.861200,24.910000,24.950000,24.830000,19152
2018-03-08T05:00:00Z,24.800000,24.890000,24.890000,24.800000,2163
2018-03-09T05:00:00Z,24.916100,24.950000,24.950000,24.916100,952
2018-03-12T04:00:00Z,24.880000,24.923400,24.940000,24.880000,14860
2018-03-13T04:00:00Z,24.810000,24.900000,24.929600,24.810000,6156
2018-03-14T04:00:00Z,24.910000,24.900000,24.910000,24.900000,395
2018-03-15T04:00:00Z,24.894500,24.893800,24.895000,24.890000,2781
2018-03-16T04:00:00Z,24.890000,24.890000,24.895000,24.890000,1010
2018-03-19T04:00:00Z,24.890100,24.898800,24.898800,24.890100,618
2018-03-20T04:00:00Z,24.899900,24.897000,24.899900,24.890000,1382
2018-03-21T04:00:00Z,24.890000,24.890000,24.910000,24.890000,2940
2018-03-22T04:00:00Z,24.924500,24.890000,24.930000,24.890000,4034
2018-03-23T04:00:00Z,24.910200,24.890000,24.940000,24.890000,7544
2018-03-26T04:00:00Z,24.890000,24.900000,24.939900,24.890000,47672
2018-03-27T04:00:00Z,24.879700,24.895000,24.904400,24.875200,20610
2018-03-28T04:00:00Z,24.880000,24.905500,24.940000,24.880000,1046
2018-03-29T04:00:00Z,24.914400,24.840000,24.920000,24.840000,29954
2018-04-02T04:00:00Z,24.891200,24.870000,24.940000,24.870000,4285
2018-04-03T04:00:00Z,24.930000,24.912500,24.930000,24.910100,15648
2018-04-04T04:00:00Z,24.940000,24.905900,24.940000,24.900000,2672
2018-04-05T04:00:00Z,24.905000,24.870000,24.930000,24.870000,2596
2018-04-06T04:00:00Z,24.881500,24.880000,24.889800,24.880000,3193
2018-04-09T04:00:00Z,24.916000,24.880000,24.916000,24.870000,17096
2018-04-10T04:00:00Z,24.930000,24.912700,24.930000,24.910000,3812
2018-04-11T04:00:00Z,24.871000,24.920000,24.920000,24.870100,14299
2018-04-12T04:00:00Z,25.010000,24.930000,25.010000,24.910000,3020
2018-04-13T04:00:00Z,24.911000,24.919000,24.919000,24.910000,1878
2018-04-16T04:00:00Z,24.939900,24.960000,24.970000,24.930000,10904
2018-04-17T04:00:00Z,24.940000,24.940000,24.940000,24.910000,9444
2018-04-18T04:00:00Z,24.890400,24.880000,24.930000,24.870100,19388
2018-04-19T04:00:00Z,24.930000,24.900000,24.930000,24.880000,2451
2018-04-20T04:00:00Z,24.930000,24.880000,24.930000,24.880000,8323
2018-04-23T04:00:00Z,24.898600,24.895300,24.910000,24.895300,3426
2018-04-24T04:00:00Z,24.890100,24.905000,24.910000,24.890000,4036
2018-04-25T04:00:00Z,24.510000,24.870000,24.910000,24.510000,9376
2018-04-26T04:00:00Z,24.880000,24.900000,24.910000,24.870100,9772
2018-04-27T04:00:00Z,24.899900,24.899000,24.899900,24.880100,742
2018-04-30T04:00:00Z,24.909900,24.910000,24.920000,24.890000,23041
2018-05-01T04:00:00Z,24.890100,24.860000,24.890100,24.860000,798
2018-05-02T04:00:00Z,24.830000,24.830000,24.830000,24.830000,495
2018-05-03T04:00:00Z,24.880000,24.908000,24.920000,24.880000,14148
2018-05-04T04:00:00Z,24.880000,24.890000,24.920000,24.880000,1079
2018-05-07T04:00:00Z,24.910100,24.910000,24.910100,24.910000,475
2018-05-08T04:00:00Z,24.907400,24.893600,24.919900,24.893600,1121
2018-05-09T04:00:00Z,24.890000,24.920000,24.920000,24.880000,1846
2018-05-10T04:00:00Z,24.914000,24.914000,24.914000,24.914000,417
2018-05-11T04:00:00Z,24.890000,24.880400,24.919900,24.880400,2732
2018-05-14T04:00:00Z,24.890300,24.880000,24.920000,24.880000,9478
2018-05-15T04:00:00Z,24.910000,24.940000,24.940000,24.910000,16072
2018-05-16T04:00:00Z,24.940000,24.940000,24.940000,24.871000,8038
2018-05-17T04:00:00Z,24.940000,24.922400,24.940000,24.922400,1246
2018-05-18T04:00:00Z,24.939900,24.939400,24.940000,24.939400,661
2018-05-21T04:00:00Z,24.939200,24.912100,24.940000,24.887200,1486
2018-05-22T04:00:00Z,24.912800,24.890000,24.940000,24.883300,5847
2018-05-23T04:00:00Z,24.900000,24.940000,24.940000,24.900000,790
2018-05-24T04:00:00Z,24.920000,24.930000,24.930000,24.880000,1402
2018-05-25T04:00:00Z,24.871700,24.940000,24.940000,24.871700,4343
2018-05-29T04:00:00Z,24.940000,24.910000,24.940000,24.910000,785
2018-05-30T04:00:00Z,24.939900,24.910100,24.940000,24.910100,2768
2018-05-31T04:00:00Z,24.910000,24.923200,24.940000,24.910000,3930
2018-06-01T04:00:00Z,25.000000,24.940000,25.000000,24.929900,7547
2018-06-04T04:00:00Z,24.980000,24.980000,24.980000,24.979900,651
2018-06-05T04:00:00Z,24.970000,24.955200,24.980000,24.900000,3337
2018-06-06T04:00:00Z,24.900000,24.900000,24.907800,24.900000,10651
2018-06-07T04:00:00Z,24.830000,24.960000,24.960000,24.830000,15516
2018-06-08T04:00:00Z,24.900000,24.930000,24.980000,24.899500,9471
2018-06-11T04:00:00Z,24.930000,24.930000,24.940000,24.930000,130796
2018-06-12T04:00:00Z,24.990000,24.880000,24.990000,24.840000,4467
2018-06-13T04:00:00Z,24.990000,24.950000,24.990000,24.910000,4848
2018-06-14T04:00:00Z,24.880000,24.990000,24.990000,24.880000,4241
2018-06-15T04:00:00Z,24.903400,24.918300,24.980000,24.900000,3348
2018-06-18T04:00:00Z,24.910000,24.950000,24.980000,24.910000,1589
2018-06-19T04:00:00Z,24.870000,24.980000,24.980000,24.870000,7601
2018-06-20T04:00:00Z,24.950000,24.950000,24.980000,24.870000,21726
2018-06-21T04:00:00Z,24.910000,24.960000,25.430000,24.910000,25097
2018-06-22T04:00:00Z,24.960000,24.930000,24.980000,24.930000,1116
2018-06-25T04:00:00Z,24.887300,24.900000,24.930000,24.887300,6920
2018-06-26T04:00:00Z,24.910000,24.930000,24.960000,24.910000,18600
2018-06-27T04:00:00Z,24.920000,24.930000,24.980000,24.900000,5813
2018-06-28T04:00:00Z,24.925400,24.900000,24.970000,24.900000,6965
2018-06-29T04:00:00Z,24.949900,24.900000,24.949900,24.900000,4465
2018-07-02T04:00:00Z,24.930000,24.950000,24.990000,24.930000,35530
2018-07-03T04:00:00Z,24.920000,24.970000,24.970000,24.900000,6023
2018-07-05T04:00:00Z,24.920600,24.890000,24.920600,24.700000,10741
2018-07-06T04:00:00Z,24.939900,24.860000,24.939900,24.850000,688
2018-07-09T04:00:00Z,24.932100,24.900000,24.932100,24.900000,7209
2018-07-10T04:00:00Z,24.880000,24.900300,24.909000,24.880000,1471
2018-07-11T04:00:00Z,24.884000,24.880000,24.940000,24.851300,17451
2018-07-12T04:00:00Z,24.860000,24.900400,24.940000,24.830000,12874
2018-07-13T04:00:00Z,24.919900,24.907100,24.930000,24.890400,5066
2018-07-16T04:00:00Z,24.870000,24.870000,24.870000,24.870000,9505
2018-07-17T04:00:00Z,24.910000,24.889500,24.929900,24.889500,4312
2018-07-18T04:00:00Z,24.870000,24.925300,24.933000,24.870000,12138
2018-07-19T04:00:00Z,24.933600,24.909200,24.933600,24.909200,857
2018-07-20T04:00:00Z,24.960000,24.910100,24.960000,24.890000,8225
2018-07-23T04:00:00Z,24.870000,24.912100,24.939900,24.850900,2938
2018-07-24T04:00:00Z,24.870000,24.910000,24.940000,24.870000,391
2018-07-25T04:00:00Z,24.870000,24.869200,24.929900,24.869200,893
2018-07-26T04:00:00Z,24.850000,24.880000,24.880000,24.850000,4335
2018-07-27T04:00:00Z,24.870100,24.928900,24.930000,24.870000,19768
2018-07-30T04:00:00Z,25.010000,24.917100,25.010000,24.917100,972
2018-07-31T04:00:00Z,24.909600,24.920000,24.966900,24.880100,8013
2018-08-01T04:00:00Z,24.906100,24.924400,24.939900,24.900000,7233
2018-08-02T04:00:00Z,24.926400,24.900000,24.939900,24.900000,11329
2018-08-03T04:00:00Z,24.880000,24.949900,24.949900,24.880000,1150
2018-08-06T04:00:00Z,24.890000,24.891000,24.917800,24.890000,7938
2018-08-07T04:00:00Z,24.930000,24.920000,24.940000,24.920000,40503
2018-08-08T04:00:00Z,24.889800,24.889800,24.889800,24.889800,276
2018-08-09T04:00:00Z,24.900000,24.900000,24.900000,24.900000,135
2018-08-10T04:00:00Z,24.901000,24.900000,24.911200,24.900000,18726
2018-08-13T04:00:00Z,24.954200,24.900000,24.959900,24.900000,5577
2018-08-14T04:00:00Z,24.941000,24.920000,24.952000,24.920000,15842
2018-08-15T04:00:00Z,24.900000,25.000000,25.000000,24.900000,5347
2018-08-16T04:00:00Z,24.970300,24.979400,24.980000,24.940000,4068
2018-08-17T04:00:00Z,25.020000,24.980000,25.020000,24.980000,424
2018-08-20T04:00:00Z,24.931500,24.980000,24.989000,24.931500,1932
2018-08-21T04:00:00Z,24.950000,24.934300,24.990000,24.934300,3381
2018-08-22T04:00:00Z,24.950000,24.966000,25.430000,24.910000,31349
2018-08-23T04:00:00Z,24.890000,24.900000,24.985000,24.890000,20108
2018-08-24T04:00:00Z,24.881100,24.880000,24.885000,24.880000,2084
2018-08-27T04:00:00Z,24.950000,24.890000,24.980000,24.890000,11515
2018-08-28T04:00:00Z,24.923400,24.910000,24.923400,24.910000,1064
2018-08-29T04:00:00Z,24.917000,24.890000,24.917000,24.890000,729
2018-08-30T04:00:00Z,24.920000,24.920000,24.920000,24.920000,2194
2018-08-31T04:00:00Z,24.901000,24.900000,24.901000,24.900000,1260
2018-09-04T04:00:00Z,24.370000,24.920000,24.969900,24.370000,5402
2018-09-05T04:00:00Z,24.992200,24.900000,24.992200,24.850100,959
2018-09-06T04:00:00Z,24.959600,24.950000,24.979900,24.920000,15491
2018-09-07T04:00:00Z,24.989900,24.925300,24.990000,24.925300,1248
2018-09-10T04:00:00Z,24.950000,24.950000,24.950000,24.950000,2347
2018-09-11T04:00:00Z,24.976700,24.949500,24.980000,24.920000,3247
2018-09-12T04:00:00Z,24.931100,24.931100,24.931100,24.931100,366
2018-09-13T04:00:00Z,25.010000,24.920000,25.010000,24.920000,2509
2018-09-14T04:00:00Z,24.980000,24.979900,25.010000,24.965000,898
2018-09-17T04:00:00Z,24.956000,24.956000,24.956000,24.956000,1034
2018-09-18T04:00:00Z,24.995400,24.987700,24.995400,24.870000,16452
2018-09-19T04:00:00Z,24.900100,24.910000,24.910000,24.900000,1982
2018-09-20T04:00:00Z,24.870100,24.998700,24.998700,24.870000,16776
2018-09-21T04:00:00Z,24.969400,24.929100,25.008600,24.929100,1446
2018-09-24T04:00:00Z,24.910000,24.910000,25.000000,24.910000,13874
2018-09-25T04:00:00Z,24.870000,24.870000,24.870000,24.870000,530
2018-09-26T04:00:00Z,24.921000,24.900000,24.949900,24.900000,5969
2018-09-27T04:00:00Z,24.870000,24.910000,24.969400,24.870000,4379
2018-09-28T04:00:00Z,24.924000,24.900000,24.937700,24.900000,2319
2018-10-01T04:00:00Z,24.950000,24.917300,24.950000,24.880000,2794
2018-10-02T04:00:00Z,24.954800,24.900000,24.954800,24.880000,1536
2018-10-03T04:00:00Z,24.941600,24.880000,24.941600,24.850000,2321
2018-10-04T04:00:00Z,24.910000,24.900000,24.924600,24.900000,936
2018-10-05T04:00:00Z,24.860000,24.900100,24.919900,24.860000,4944
2018-10-08T04:00:00Z,24.840000,24.866200,24.931800,24.840000,3404
2018-10-09T04:00:00Z,24.870000,24.950000,24.950000,24.870000,4022
2018-10-10T04:00:00Z,24.920000,24.920000,24.932400,24.920000,1474
2018-10-11T04:00:00Z,24.960000,24.953800,24.960000,24.930000,10283
2018-10-12T04:00:00Z,25.420000,24.930000,25.940000,24.870100,8262
2018-10-15T04:00:00Z,24.944800,24.955000,25.000000,24.890100,3120
2018-10-16T04:00:00Z,24.910000,24.947000,24.965000,24.910000,5313
2018-10-17T04:00:00Z,24.910000,24.980000,25.000000,24.910000,13048
2018-10-18T04:00:00Z,24.940000,24.970000,24.970000,24.940000,4600
2018-10-19T04:00:00Z,24.945600,24.910000,24.949900,24.910000,1803
2018-10-22T04:00:00Z,24.979900,24.944500,24.979900,24.900000,1515
2018-10-23T04:00:00Z,24.944500,24.944500,24.944500,24.944500,0
2018-10-24T04:00:00Z,24.927900,24.928300,24.940000,24.923800,3422
2018-10-25T04:00:00Z,24.958000,24.920500,24.980000,24.920000,10722
2018-10-26T04:00:00Z,24.927000,24.989900,24.989900,24.925400,2952
2018-10-29T04:00:00Z,24.990000,24.920100,25.000000,24.920100,4318
2018-10-30T04:00:00Z,24.936900,24.939300,24.939300,24.910000,6346
2018-10-31T04:00:00Z,24.920000,24.936000,24.999900,24.920000,2533
2018-11-01T04:00:00Z,25.000000,24.967300,25.010000,24.960000,5145
2018-11-02T04:00:00Z,24.960700,24.954000,25.010000,24.911000,4850
2018-11-05T05:00:00Z,24.962000,24.969900,25.000000,24.920900,3117
2018-11-06T05:00:00Z,24.910000,24.910000,24.980000,24.910000,5616
2018-11-07T05:00:00Z,24.925000,24.921000,24.972000,24.921000,4154
2018-11-08T05:00:00Z,25.009900,24.910900,25.010000,24.910100,8920
2018-11-09T05:00:00Z,24.920000,24.973900,24.973900,24.920000,20572
2018-11-12T05:00:00Z,24.975000,24.930000,25.019900,24.930000,2507
2018-11-13T05:00:00Z,24.928400,24.959900,24.960000,24.910000,8003
2018-11-14T05:00:00Z,24.910000,24.980000,25.020000,24.870000,9871
2018-11-15T05:00:00Z,24.942200,24.890700,24.989900,24.890700,12624
2018-11-16T05:00:00Z,24.970000,24.930500,24.970000,24.900000,4188
2018-11-19T05:00:00Z,24.890900,24.910000,24.979900,24.890900,2598
2018-11-20T05:00:00Z,24.880000,24.880000,24.929900,24.860100,19876
2018-11-21T05:00:00Z,24.969900,24.880000,24.969900,24.880000,729
2018-11-23T05:00:00Z,24.988800,24.947200,24.988800,24.947200,2105
2018-11-26T05:00:00Z,24.850000,24.880000,24.929000,24.840000,14154
2018-11-27T05:00:00Z,24.901400,24.865000,24.901400,24.865000,915
2018-11-28T05:00:00Z,24.890600,24.890600,24.890600,24.890600,256
2018-11-29T05:00:00Z,24.895100,24.930000,24.950000,24.895100,67466
2018-11-30T05:00:00Z,24.910000,24.949400,24.949400,24.890000,2711
2018-12-03T05:00:00Z,24.890000,24.920000,24.959900,24.890000,14741
2018-12-04T05:00:00Z,24.937200,24.922100,24.937200,24.912000,3686
2018-12-06T05:00:00Z,24.980000,24.920000,24.985000,24.909900,29562
2018-12-07T05:00:00Z,24.933600,24.922900,24.960000,24.922900,2420
2018-12-10T05:00:00Z,24.933600,24.950400,24.956000,24.922600,6592
2018-12-11T05:00:00Z,24.900900,24.910100,24.910100,24.900900,2111
2018-12-12T05:00:00Z,24.946400,24.946400,24.946400,24.946400,1539
2018-12-13T05:00:00Z,24.930000,24.947200,24.947200,24.920000,1298
2018-12-14T05:00:00Z,24.940000,24.944000,24.944000,24.910100,2926
2018-12-17T05:00:00Z,24.970000,24.970000,24.970000,24.916000,3522
2018-12-18T05:00:00Z,24.910000,24.932600,24.979300,24.910000,2369
2018-12-19T05:00:00Z,24.910000,24.910000,24.960200,24.910000,4778
2018-12-20T05:00:00Z,24.931700,24.935000,24.949600,24.931700,1309
2018-12-21T05:00:00Z,24.930000,24.920000,24.930000,24.920000,4543
2018-12-24T05:00:00Z,24.881000,24.880000,24.919900,24.880000,1112
2018-12-26T05:00:00Z,24.902100,24.899600,24.940000,24.880000,18469
2018-12-27T05:00:00Z,24.897100,24.890000,24.940000,24.890000,18370
2018-12-28T05:00:00Z,24.909800,24.920000,24.950000,24.909800,6480
2018-12-31T05:00:00Z,24.932000,24.930700,24.940100,24.890000,17974
2019-01-02T05:00:00Z,24.920100,24.910000,24.926800,24.905900,5033
2019-01-03T05:00:00Z,24.904000,24.950000,24.950000,24.890000,33214
2019-01-04T05:00:00Z,24.900000,24.890100,24.932000,24.890000,14258
2019-01-07T05:00:00Z,24.930600,24.960000,24.960000,24.900000,5141
2019-01-08T05:00:00Z,24.910000,24.900100,24.950000,24.900100,23943
2019-01-09T05:00:00Z,24.938100,24.949900,24.949900,24.910000,2036
2019-01-10T05:00:00Z,24.925000,24.949900,24.950400,24.920400,2269
2019-01-11T05:00:00Z,24.959900,24.910000,24.959900,24.910000,1073
2019-01-14T05:00:00Z,24.970000,24.920000,24.970000,24.910100,24621
2019-01-15T05:00:00Z,24.920000,24.920000,24.920000,24.920000,0
2019-01-16T05:00:00Z,24.920000,24.920100,24.920100,24.920000,243
2019-01-17T05:00:00Z,24.969900,24.920000,24.969900,24.920000,6682
2019-01-18T05:00:00Z,24.910000,24.910000,24.921000,24.900000,9666
2019-01-22T05:00:00Z,24.927100,24.939900,24.939900,24.901400,3563
2019-01-23T05:00:00Z,24.940000,24.939600,24.940000,24.939600,537
2019-01-24T05:00:00Z,24.900400,24.900400,24.901800,24.900400,920
2019-01-25T05:00:00Z,24.940000,24.910800,24.940000,24.900000,12567
2019-01-28T05:00:00Z,24.911100,24.908600,24.925300,24.908600,5889
2019-01-29T05:00:00Z,24.930000,24.916700,24.934600,24.890000,7902
2019-01-30T05:00:00Z,24.890000,24.900000,24.915000,24.890000,5192
2019-01-31T05:00:00Z,24.910000,24.890000,24.930000,24.890000,1958
2019-02-01T05:00:00Z,24.910500,24.890000,24.930000,24.890000,1539
2019-02-04T05:00:00Z,24.950000,24.880000,24.950000,24.880000,16299
2019-02-05T05:00:00Z,24.939900,24.903400,24.939900,24.902400,907
2019-02-06T05:00:00Z,24.950000,24.925400,24.950000,24.900000,7490
2019-02-07T05:00:00Z,24.910100,24.940000,24.940000,24.910000,105251
2019-02-08T05:00:00Z,24.919800,24.939900,24.939900,24.908200,3278
2019-02-11T05:00:00Z,24.950000,24.910400,24.950000,24.910400,4880
2019-02-12T05:00:00Z,24.910100,24.915400,24.959500,24.910100,10918
2019-02-13T05:00:00Z,24.955000,24.950000,24.960000,24.912400,3700
2019-02-14T05:00:00Z,24.945400,24.932700,24.945400,24.920100,1162
2019-02-15T05:00:00Z,24.939500,24.926000,24.943900,24.926000,8956
2019-02-19T05:00:00Z,24.940000,24.918200,24.940000,24.910000,16220
2019-02-20T05:00:00Z,24.910100,24.926400,24.926400,24.910100,1136
2019-02-21T05:00:00Z,24.930000,24.929900,24.939900,24.910000,6870
2019-02-22T05:00:00Z,24.929900,24.929900,24.929900,24.929900,0
2019-02-25T05:00:00Z,24.905000,24.914300,24.940000,24.905000,3990
2019-02-26T05:00:00Z,24.914300,24.914300,24.914300,24.914300,0
2019-02-27T05:00:00Z,24.900000,24.890000,24.905000,24.889700,2849
2019-02-28T05:00:00Z,24.904800,24.910000,24.929600,24.904800,3493
2019-03-01T05:00:00Z,24.910000,24.910000,24.910000,24.910000,516
2019-03-04T05:00:00Z,24.890000,24.929900,24.929900,24.890000,9086
2019-03-05T05:00:00Z,24.910100,24.910000,24.930000,24.900000,19987
2019-03-06T05:00:00Z,24.929900,24.929900,24.929900,24.901400,607
2019-03-07T05:00:00Z,24.890000,24.910000,24.917400,24.880000,11981
2019-03-08T05:00:00Z,24.890100,24.910000,24.910000,24.890100,1474
2019-03-11T04:00:00Z,24.903600,24.890000,24.907000,24.890000,8942
2019-03-12T04:00:00Z,24.900000,24.920000,24.920000,24.900000,2744
2019-03-13T04:00:00Z,24.910800,24.920000,24.920000,24.910800,354
2019-03-14T04:00:00Z,24.904000,24.906200,24.906200,24.904000,3934
2019-03-15T04:00:00Z,24.903700,24.914500,24.915000,24.900100,5757
2019-03-18T04:00:00Z,24.880000,24.880000,24.920000,24.870000,7699
2019-03-19T04:00:00Z,24.840000,24.890000,24.890000,24.840000,10067
2019-03-20T04:00:00Z,24.881300,24.890000,24.890000,24.881300,4283
2019-03-21T04:00:00Z,24.890000,24.910000,24.910000,24.880000,5337
2019-03-22T04:00:00Z,24.895000,24.909000,24.910000,24.895000,2735
2019-03-25T04:00:00Z,24.909000,24.909000,24.909000,24.909000,0
2019-03-26T04:00:00Z,24.905000,24.890100,24.910000,24.890100,2201
2019-03-27T04:00:00Z,24.890000,24.900700,24.900700,24.890000,5646
2019-03-28T04:00:00Z,24.900000,24.910000,24.919800,24.900000,2823
2019-03-29T04:00:00Z,24.900000,24.910000,24.910000,24.900000,14658
2019-04-01T04:00:00Z,24.911000,24.900000,24.919400,24.880000,3133
2019-04-02T04:00:00Z,24.890000,24.880100,24.900000,24.880000,4642
2019-04-03T04:00:00Z,24.901500,24.902400,24.908300,24.900100,3392
2019-04-04T04:00:00Z,24.890000,24.920000,24.920000,24.880000,92840
2019-04-05T04:00:00Z,24.910000,24.907600,24.920000,24.880100,5332
2019-04-08T04:00:00Z,24.870000,24.920000,24.929900,24.870000,41495
2019-04-09T04:00:00Z,24.890000,24.911000,24.913400,24.880000,5705
2019-04-10T04:00:00Z,24.911000,24.911000,24.911000,24.911000,301
2019-04-11T04:00:00Z,24.909500,24.905000,24.909500,24.896200,3244
2019-04-12T04:00:00Z,24.920000,24.920000,24.920000,24.920000,483
2019-04-15T04:00:00Z,24.921000,24.921000,24.921000,24.921000,945
2019-04-16T04:00:00Z,24.930000,24.930000,24.930000,24.930000,5094
2019-04-17T04:00:00Z,24.905000,24.912000,24.912000,24.905000,397
2019-04-18T04:00:00Z,24.910000,24.910000,24.910000,24.890000,29994
2019-04-22T04:00:00Z,24.893400,24.890000,24.893400,24.890000,10119
2019-04-23T04:00:00Z,24.894700,24.890100,24.894700,24.890000,1714
2019-04-24T04:00:00Z,24.890100,24.907900,24.907900,24.890100,355
2019-04-25T04:00:00Z,24.899300,24.900000,24.900000,24.899300,1894
2019-04-26T04:00:00Z,24.899800,24.895000,24.910900,24.895000,2648
2019-04-29T04:00:00Z,24.890000,24.880000,24.900000,24.880000,1296
2019-04-30T04:00:00Z,24.891100,24.890000,24.920000,24.860000,18489
2019-05-01T04:00:00Z,24.890100,24.905000,24.920000,24.890100,2775
2019-05-02T04:00:00Z,24.900000,24.905000,24.905000,24.900000,404
2019-05-03T04:00:00Z,24.885000,24.885000,24.885000,24.885000,873
2019-05-06T04:00:00Z,24.900600,24.901300,24.901300,24.900600,1021
2019-05-07T04:00:00Z,24.916500,24.916500,24.916500,24.916500,1110
2019-05-08T04:00:00Z,24.901400,24.895500,24.919900,24.895500,656
2019-05-09T04:00:00Z,24.870100,24.920000,24.920000,24.870100,3537
2019-05-10T04:00:00Z,24.916500,24.920000,24.920000,24.896700,3412
2019-05-13T04:00:00Z,24.929900,24.920000,24.929900,24.912800,2298
2019-05-14T04:00:00Z,24.920000,24.920000,24.920000,24.920000,0
2019-05-15T04:00:00Z,24.910000,24.880100,24.930000,24.880100,3264
2019-05-16T04:00:00Z,24.905000,24.905000,24.905000,24.905000,255
2019-05-17T04:00:00Z,24.930000,24.919000,24.930000,24.919000,2516
2019-05-20T04:00:00Z,24.905200,24.890200,24.906100,24.890200,3658
2019-05-21T04:00:00Z,24.874300,24.850100,24.874300,24.850100,1172
2019-05-22T04:00:00Z,24.860000,24.882400,24.887300,24.860000,6519
2019-05-23T04:00:00Z,24.890000,24.890000,24.898600,24.890000,2174
2019-05-24T04:00:00Z,24.877900,24.870000,24.901400,24.860000,4289
2019-05-28T04:00:00Z,24.900700,24.870000,24.900700,24.860000,5095
2019-05-29T04:00:00Z,24.880200,24.860000,24.895000,24.860000,7099
2019-05-30T04:00:00Z,24.880000,24.880000,24.901400,24.880000,5963
2019-05-31T04:00:00Z,24.872400,24.887200,24.887200,24.872400,2038
2019-06-03T04:00:00Z,24.880000,24.880000,24.880000,24.880000,2690
2019-06-04T04:00:00Z,24.880000,24.880000,24.880000,24.880000,0
2019-06-05T04:00:00Z,24.890000,24.890500,24.911400,24.880000,7407
2019-06-06T04:00:00Z,24.889800,24.916100,24.920000,24.889800,5903
2019-06-07T04:00:00Z,24.905000,24.890000,24.913400,24.890000,874
2019-06-10T04:00:00Z,24.890100,24.898500,24.910200,24.890100,3246
2019-06-11T04:00:00Z,24.900000,24.900000,24.900000,24.900000,251
2019-06-12T04:00:00Z,24.900000,24.900000,24.929900,24.890000,4194
2019-06-13T04:00:00Z,24.901000,24.900000,24.930000,24.900000,6709
2019-06-14T04:00:00Z,24.850000,24.880000,24.895900,24.850000,2491
2019-06-17T04:00:00Z,24.890000,24.888700,24.890000,24.885000,3411
2019-06-18T04:00:00Z,24.890000,24.910000,24.910000,24.890000,9820
2019-06-19T04:00:00Z,24.910000,24.910000,24.910000,24.910000,837
2019-06-20T04:00:00Z,24.890000,24.890000,24.919900,24.890000,1183
2019-06-21T04:00:00Z,24.890000,24.890000,24.920000,24.890000,13609
2019-06-24T04:00:00Z,24.903000,24.903900,24.919600,24.903000,4916
2019-06-25T04:00:00Z,24.859600,24.893100,24.919900,24.859600,7591
2019-06-26T04:00:00Z,24.880000,24.890000,24.895000,24.880000,10045
2019-06-27T04:00:00Z,24.890000,24.878400,24.890000,24.878400,972
2019-06-28T04:00:00Z,24.900000,24.900000,24.904500,24.899100,14615
2019-07-01T04:00:00Z,24.900000,24.909900,24.909900,24.900000,1688
2019-07-02T04:00:00Z,24.885000,24.900000,24.900000,24.883700,2002
2019-07-03T04:00:00Z,24.885000,24.890000,24.890000,24.860000,30038
2019-07-05T04:00:00Z,24.900000,24.910000,24.910000,24.890000,13929
2019-07-08T04:00:00Z,24.929900,24.910000,24.929900,24.890000,2231
2019-07-09T04:00:00Z,24.900000,24.910000,24.910000,24.900000,652
2019-07-10T04:00:00Z,24.890000,24.910000,24.910000,24.890000,1167
2019-07-11T04:00:00Z,24.900000,24.910000,24.920000,24.895000,12050
2019-07-12T04:00:00Z,24.860000,24.910000,24.910000,24.860000,5004
2019-07-15T04:00:00Z,24.910000,24.910000,24.910000,24.885000,4624
2019-07-16T04:00:00Z,24.910000,24.910000,24.910000,24.890000,676
2019-07-17T04:00:00Z,24.900000,24.910000,24.910000,24.900000,402
2019-07-18T04:00:00Z,24.890000,24.895000,24.895000,24.887900,40788
2019-07-19T04:00:00Z,24.890000,24.920000,24.920000,24.890000,1891
2019-07-22T04:00:00Z,24.920000,24.920000,24.920000,24.920000,0
2019-07-23T04:00:00Z,24.900000,24.910000,24.910000,24.900000,3693
2019-07-24T04:00:00Z,24.910000,24.930000,24.930000,24.910000,2397
2019-07-25T04:00:00Z,24.920000,24.912000,24.920000,24.910000,6878
2019-07-26T04:00:00Z,24.922800,24.910000,24.922800,24.870000,1737
2019-07-29T04:00:00Z,24.880000,24.890000,24.909900,24.880000,2843
2019-07-30T04:00:00Z,24.874700,24.888700,24.888700,24.874700,2728
2019-07-31T04:00:00Z,24.910000,24.880100,24.910000,24.880000,1044
2019-08-01T04:00:00Z,24.894000,24.930000,24.930000,24.890000,11599
2019-08-02T04:00:00Z,24.910000,24.890000,24.910000,24.890000,5114
2019-08-05T04:00:00Z,24.910000,24.910000,24.910000,24.910000,2004
2019-08-06T04:00:00Z,24.905200,24.905200,24.905200,24.905200,522
2019-08-07T04:00:00Z,24.917300,24.910000,24.917300,24.902300,2369
2019-08-08T04:00:00Z,24.890000,24.913000,24.913000,24.890000,3236
2019-08-09T04:00:00Z,24.890000,24.890000,24.929000,24.890000,8205
2019-08-12T04:00:00Z,24.890000,24.890000,24.890000,24.890000,0
2019-08-13T04:00:00Z,24.889700,24.912000,24.912000,24.889700,2161
2019-08-14T04:00:00Z,24.880000,24.880000,24.900000,24.865900,3665
2019-08-15T04:00:00Z,24.880000,24.900000,24.900000,24.880000,869
2019-08-16T04:00:00Z,24.880000,24.890000,24.895000,24.880000,3582
2019-08-19T04:00:00Z,24.878000,24.900000,24.940000,24.878000,182952
2019-08-20T04:00:00Z,24.905000,24.905000,24.930000,24.905000,20762
2019-08-21T04:00:00Z,24.895000,24.880000,24.929500,24.880000,13453
2019-08-22T04:00:00Z,24.908900,24.880000,24.908900,24.870000,5753
2019-08-23T04:00:00Z,24.920000,24.950000,24.950000,24.901000,29630
2019-08-26T04:00:00Z,24.932200,24.945000,24.950000,24.925800,17051
2019-08-27T04:00:00Z,24.945000,24.945000,24.945000,24.945000,0
2019-08-28T04:00:00Z,24.920000,24.939900,24.939900,24.890000,5040
2019-08-29T04:00:00Z,24.940000,24.970000,24.980000,24.919800,18747
2019-08-30T04:00:00Z,24.990000,24.910000,24.990000,24.910000,2162
2019-09-03T04:00:00Z,24.949900,24.939700,24.999000,24.910000,5708
2019-09-04T04:00:00Z,25.000000,25.000000,25.000000,25.000000,36894
2019-09-05T04:00:00Z,24.950000,24.950000,24.950000,24.950000,1097
2019-09-06T04:00:00Z,24.941100,24.922100,24.941100,24.912300,1439
2019-09-09T04:00:00Z,24.890000,24.905000,24.940000,24.890000,13496
2019-09-10T04:00:00Z,24.931800,24.950000,24.950000,24.929200,5488
2019-09-11T04:00:00Z,24.926800,24.908100,24.933200,24.908100,1522
2019-09-12T04:00:00Z,24.950000,24.929100,24.950000,24.929100,7814
2019-09-13T04:00:00Z,24.904200,24.950000,24.950000,24.904200,2341
2019-09-16T04:00:00Z,24.920000,24.939600,24.950000,24.920000,4415
2019-09-17T04:00:00Z,24.920000,24.934900,24.934900,24.907200,3585
2019-09-18T04:00:00Z,24.925000,24.925000,24.925000,24.925000,5594
2019-09-19T04:00:00Z,24.920000,24.920000,24.931900,24.920000,827
2019-09-20T04:00:00Z,24.920000,24.920000,24.920000,24.920000,0
2019-09-23T04:00:00Z,24.920000,24.925000,24.970000,24.920000,8979
2019-09-24T04:00:00Z,24.904600,24.910000,24.910000,24.902700,925
2019-09-25T04:00:00Z,24.909100,24.909100,24.909100,24.909100,545
2019-09-26T04:00:00Z,24.910000,24.919700,24.919700,24.890000,8459
2019-09-27T04:00:00Z,24.910000,24.910000,24.910000,24.910000,230
2019-09-30T04:00:00Z,24.901000,24.900000,24.911000,24.890000,1711
2019-10-01T04:00:00Z,24.893000,24.910000,24.919900,24.893000,4656
2019-10-02T04:00:00Z,24.915100,24.905000,24.915100,24.890000,1760
2019-10-03T04:00:00Z,24.919900,24.920000,24.920000,24.880600,2485
2019-10-04T04:00:00Z,24.900000,24.890000,24.909800,24.890000,5651
2019-10-07T04:00:00Z,24.900000,24.910000,24.914100,24.890000,4771
2019-10-08T04:00:00Z,24.930000,24.920000,24.930000,24.920000,3505
2019-10-09T04:00:00Z,24.900000,24.900000,24.916100,24.900000,2647
2019-10-10T04:00:00Z,24.915000,24.940000,24.940000,24.915000,3842
2019-10-11T04:00:00Z,24.890000,24.910000,24.920000,24.870000,13827
2019-10-14T04:00:00Z,24.920000,24.920000,24.920000,24.919900,1002
2019-10-15T04:00:00Z,24.880000,24.924000,24.924000,24.880000,8401
2019-10-16T04:00:00Z,24.890000,24.930000,24.930000,24.890000,2129
2019-10-17T04:00:00Z,24.920000,24.910000,24.930000,24.900000,41770
2019-10-18T04:00:00Z,24.931000,24.925000,24.931000,24.920000,5119
2019-10-21T04:00:00Z,24.905000,24.900000,24.905000,24.900000,113821
2019-10-22T04:00:00Z,24.935700,24.900000,24.935700,24.900000,2422
2019-10-23T04:00:00Z,24.914000,24.900000,24.914000,24.900000,4616
2019-10-24T04:00:00Z,24.900000,24.910000,24.910000,24.900000,12392
2019-10-25T04:00:00Z,24.902100,24.897800,24.910900,24.893900,7422
2019-10-28T04:00:00Z,24.895900,24.900000,24.900000,24.895900,4340
2019-10-29T04:00:00Z,24.910000,24.910000,24.910000,24.910000,164
2019-10-30T04:00:00Z,24.910000,24.900000,24.932500,24.890000,6906
2019-10-31T04:00:00Z,24.899200,24.959900,24.959900,24.899200,6663
2019-11-01T04:00:00Z,24.890000,24.910000,24.935000,24.890000,17434
2019-11-04T05:00:00Z,24.920000,24.912800,24.940000,24.912800,6436
2019-11-05T05:00:00Z,24.930000,24.910500,24.960000,24.910500,15617
2019-11-06T05:00:00Z,24.940900,24.926800,24.940900,24.910000,1029
2019-11-07T05:00:00Z,24.911000,24.920000,24.920000,24.911000,621
2019-11-08T05:00:00Z,24.910000,24.910000,24.929900,24.910000,4965
2019-11-11T05:00:00Z,24.910000,24.910000,24.910000,24.900000,2244
2019-11-12T05:00:00Z,24.910000,24.920000,24.920000,24.910000,1309
2019-11-13T05:00:00Z,24.910000,24.920000,24.920000,24.900000,4135
2019-11-14T05:00:00Z,24.910000,24.910000,24.910000,24.910000,462
2019-11-15T05:00:00Z,24.931900,24.905000,24.934500,24.905000,2218
2019-11-18T05:00:00Z,24.950000,24.937200,24.960000,24.900000,25195
2019-11-19T05:00:00Z,24.927200,24.900000,24.930400,24.900000,2123
2019-11-20T05:00:00Z,24.925000,24.913300,24.940000,24.900000,2341
2019-11-21T05:00:00Z,24.913700,24.913900,24.920000,24.900000,1812
2019-11-22T05:00:00Z,24.916800,24.890000,24.960000,24.890000,10960
2019-11-25T05:00:00Z,24.909800,24.939900,24.940000,24.881200,8336
2019-11-26T05:00:00Z,24.882500,24.926600,24.940000,24.882500,7065
2019-11-27T05:00:00Z,24.906900,24.910000,24.910000,24.906900,1495
2019-11-29T05:00:00Z,24.910000,24.910000,24.910000,24.910000,0
2019-12-02T05:00:00Z,24.800000,24.920000,24.920000,24.800000,1395
2019-12-03T05:00:00Z,24.919900,24.919900,24.919900,24.919900,903
2019-12-04T05:00:00Z,24.910000,24.927300,24.927300,24.910000,1723
2019-12-05T05:00:00Z,24.890000,24.920000,24.920000,24.860000,28670
2019-12-06T05:00:00Z,24.920000,24.920000,24.920000,24.920000,0
2019-12-09T05:00:00Z,24.910000,24.930000,24.930000,24.880000,404
2019-12-10T05:00:00Z,24.906000,24.905400,24.919000,24.905400,6084
2019-12-11T05:00:00Z,24.930000,24.951800,24.951800,24.921000,4601
2019-12-12T05:00:00Z,24.896800,24.920000,24.920000,24.890000,481
2019-12-13T05:00:00Z,24.920000,24.920000,24.920000,24.920000,184
2019-12-16T05:00:00Z,24.920000,24.910000,24.920000,24.890000,4555
2019-12-17T05:00:00Z,24.917000,24.920000,24.920000,24.894400,1484
2019-12-18T05:00:00Z,24.920000,24.920000,24.920000,24.875000,1745
2019-12-19T05:00:00Z,24.920000,24.910000,24.950000,24.910000,91750
2019-12-20T05:00:00Z,24.953700,24.942100,24.990000,24.942100,4336
2019-12-23T05:00:00Z,24.904700,24.919600,24.919600,24.904700,1558
2019-12-24T05:00:00Z,24.970000,24.919200,24.970000,24.898000,2631
2019-12-26T05:00:00Z,24.955600,24.900000,24.955600,24.900000,3707
2019-12-27T05:00:00Z,24.938000,24.910000,24.938000,24.910000,1627
2019-12-30T05:00:00Z,24.929400,24.910000,24.939400,24.902700,6437
2019-12-31T05:00:00Z,24.930000,24.920000,24.960000,24.920000,6143
2020-01-02T05:00:00Z,24.921500,24.914000,24.921500,24.900000,3358
2020-01-03T05:00:00Z,24.913000,24.910000,24.935000,24.900000,3629
