ticker,companyshortname,startdatetime,startdatetimetype,epsestimate,epsactual,epssurprisepct,timeZoneShortName,gmtOffsetMilliSeconds,quoteType
VRNDF,Delta 9 Cannabis Inc.,2020-05-14T17:31:00.000Z,TAS,-0.01,0.02,300,UTC,0,EQUITY
DLTNF,Delta 9 Cannabis Inc.,2020-05-14T17:31:00.000Z,TAS,-0.01,0.02,300,EDT,-14400000,EQUITY
NEXCF,NexTech AR Solutions Corp.,2020-05-14T17:05:00.000Z,TAS,,,,EDT,-14400000,EQUITY
HGHAF,High Arctic Energy Services Inc,2020-05-14T08:00:00.000Z,TAS,-0.04,-0.04,0,EDT,-14400000,EQUITY
LDHOF,Land and Houses Public Company Limited,2020-05-14T06:12:00.000Z,TAS,,,,UTC,0,EQUITY
NPRUF,Northview Apartment Real Estate Investment Trust,2020-05-14T19:39:00.000Z,TAS,,,,UTC,0,EQUITY
ACCMF,AAC Clyde Space AB (publ),2020-05-15T02:36:00.000Z,TAS,,,,EDT,-14400000,EQUITY
AWH,Aspira Women's Health Inc.,2020-05-14T17:17:00.000Z,TAS,,-0.04,,EDT,-14400000,EQUITY
AYTU,"Aytu BioPharma, Inc.",2020-05-14T12:01:00.000Z,TAS,-1.95,-1.5,23.08,EDT,-14400000,EQUITY
APDN,"Applied DNA Sciences, Inc.",2020-05-14T16:04:00.000Z,TAS,-0.77,-0.79,-2.6,EDT,-14400000,EQUITY
CLQDF,Cliq Digital AG,2020-05-15T01:30:00.000Z,TAS,,,,EDT,-14400000,EQUITY
ACER,Acer Therapeutics Inc.,2020-05-14T16:01:00.000Z,TAS,-0.4,-0.49,-22.5,EDT,-14400000,EQUITY
ADIL,"Adial Pharmaceuticals, Inc.",2020-05-14T17:16:00.000Z,TAS,,-0.22,,EDT,-14400000,EQUITY
BCEL,"Atreca, Inc.",2020-05-14T16:03:00.000Z,TAS,-0.73,-0.73,0.41,EDT,-14400000,EQUITY
APTX,Aptinyx Inc.,2020-05-14T16:03:00.000Z,TAS,-0.32,-0.34,-4.62,EDT,-14400000,EQUITY
ACB,Aurora Cannabis Inc.,2020-05-14T16:34:00.000Z,TAS,-0.8,-1.37,-71.04,EDT,-14400000,EQUITY
FSXXF,First Sensor AG,2020-05-15T03:11:00.000Z,TAS,,-0.08,,UTC,0,EQUITY
SUEZF,Südzucker AG,2020-05-14T04:05:00.000Z,TAS,-0.07,-0.18,-157.14,EDT,-14400000,EQUITY
SINGY,Singapore Airlines Limited,2020-05-14T05:38:00.000Z,TAS,,-0.62,,EDT,-14400000,EQUITY
NPPXF,Nippon Telegraph and Telephone Corporation,2020-05-15T02:00:00.000Z,TAS,16.3,16.06,-1.45,EDT,-14400000,EQUITY
ZEAL,Zealand Pharma A/S,2020-05-14T09:00:00.000Z,TAS,-4.13,-4.98,-20.58,EDT,-14400000,EQUITY
AACG,ATA Creativity Global,2020-05-14T17:05:00.000Z,TAS,,,,EDT,-14400000,EQUITY
VARGF,Varta AG,2020-05-15T03:03:00.000Z,TAS,,0.61,,EDT,-14400000,EQUITY
ASXC,"Asensus Surgical, Inc.",2020-05-14T06:55:00.000Z,TAS,-0.39,-0.41,-3.8,EDT,-14400000,EQUITY
AACAF,AAC Technologies Holdings Inc.,2020-05-15T00:01:00.000Z,TAS,0.22,0.04,-81.57,EDT,-14400000,EQUITY
ALVOD,Alvopetro Energy Ltd.,2020-05-14T08:36:00.000Z,TAS,-0.03,-0.03,0,UTC,0,EQUITY
ACHV,"Achieve Life Sciences, Inc.",2020-05-14T07:30:00.000Z,TAS,-2.4,-2.2,8.33,EDT,-14400000,EQUITY
AIM,AIM ImmunoTech Inc.,2020-05-14T06:06:00.000Z,TAS,-0.15,-0.22,-49.66,EDT,-14400000,EQUITY
HOLI,"Hollysys Automation Technologies, Ltd.",2020-05-14T17:05:00.000Z,TAS,0.36,0.23,-36.11,EDT,-14400000,EQUITY
GEAGY,GEA Group Aktiengesellschaft,2020-05-15T01:30:00.000Z,TAS,0.08,0.22,175,UTC,0,EQUITY
MDRDF,Sbanken ASA,2020-05-15T01:02:00.000Z,TAS,1.6,1.63,2.13,UTC,0,EQUITY
TRXC,"Asensus Surgical, Inc.",2020-05-14T06:55:00.000Z,TAS,-0.39,-0.41,-3.8,UTC,0,EQUITY
MREOF,DEMIRE Deutsche Mittelstand Real Estate AG,2020-05-14T06:15:00.000Z,TAS,,,,EDT,-14400000,EQUITY
PKE,Park Aerospace Corp.,2020-05-14T06:30:00.000Z,TAS,,,,EDT,-14400000,EQUITY
AIAGF,Aurubis AG,2020-05-15T01:20:00.000Z,TAS,,1.01,,EDT,-14400000,EQUITY
AYRO,"Ayro, Inc.",2020-05-14T17:05:00.000Z,TAS,,,,EDT,-14400000,EQUITY
AQARF,Aquila Resources Inc.,2020-05-14T17:02:00.000Z,TAS,,,,UTC,0,EQUITY
AZUL,Azul S.A.,2020-05-14T08:17:00.000Z,TAS,0.11,-0.36,-423.01,EDT,-14400000,EQUITY
AGRO,Adecoagro S.A.,2020-05-14T16:13:00.000Z,TAS,,0.38,,EDT,-14400000,EQUITY
CAAS,"China Automotive Systems, Inc.",2020-05-14T06:00:00.000Z,TAS,0.04,0.06,50,EDT,-14400000,EQUITY
ALTG,Alta Equipment Group Inc.,2020-05-14T16:05:00.000Z,TAS,-0.41,-0.91,-121.95,EDT,-14400000,EQUITY
CABJF,Carlsberg A/S,2020-05-14T16:22:00.000Z,TAS,0,0,,EDT,-14400000,EQUITY
ESOA,Energy Services of America Corporation,2020-05-14T10:00:00.000Z,TAS,,-0.13,,EDT,-14400000,EQUITY
ADAP,Adaptimmune Therapeutics plc,2020-05-14T07:30:00.000Z,TAS,-0.25,-0.24,5.14,EDT,-14400000,EQUITY
ALRCF,Alerion Clean Power S.p.A.,2020-05-14T17:05:00.000Z,TAS,,,,EDT,-14400000,EQUITY
ASTC,Astrotech Corporation,2020-05-14T16:48:00.000Z,TAS,,,,EDT,-14400000,EQUITY
AMTX,"Aemetis, Inc.",2020-05-14T08:49:00.000Z,TAS,-0.34,-0.58,-70.59,EDT,-14400000,EQUITY
BAM,Brookfield Asset Management Inc.,2020-05-14T06:55:00.000Z,TAS,0.45,-0.2,-144.54,EDT,-14400000,EQUITY
AUPH,Aurinia Pharmaceuticals Inc.,2020-05-14T16:02:00.000Z,TAS,-0.27,-0.15,44.03,EDT,-14400000,EQUITY
GEAGF,GEA Group Aktiengesellschaft,2020-05-15T01:30:00.000Z,TAS,0.08,0.22,175,EDT,-14400000,EQUITY
DUSCF,Deutsche EuroShop AG,2020-05-14T12:19:00.000Z,TAS,,0.45,,EDT,-14400000,EQUITY
SINGF,Singapore Airlines Limited,2020-05-14T05:38:00.000Z,TAS,,-0.62,,EDT,-14400000,EQUITY
ETM,"Audacy, Inc.",2020-05-14T08:00:00.000Z,TAS,0,-0.01,-233.33,UTC,0,EQUITY
TWMIF,Tidewater Midstream and Infrastructure Ltd.,2020-05-14T07:07:00.000Z,TAS,0.04,-0.12,-424.32,EDT,-14400000,EQUITY
MDGEF,Medigene AG,2020-05-14T17:30:00.000Z,TAS,,,,EDT,-14400000,EQUITY
NHMAF,Nihon M&A Center Holdings Inc.,2020-05-15T02:00:00.000Z,TAS,3.25,3.74,15.1,EDT,-14400000,EQUITY
EMSHF,EMS-CHEMIE HOLDING AG,2020-05-15T00:14:00.000Z,TAS,,,,EDT,-14400000,EQUITY
UNPLF,UnipolSai Assicurazioni S.p.A.,2020-05-15T02:59:00.000Z,TAS,,,,EDT,-14400000,EQUITY
LMPX,"LMP Automotive Holdings, Inc.",2020-05-14T12:30:00.000Z,TAS,-0.04,-0.18,-350,EDT,-14400000,EQUITY
HLAGF,Hapag-Lloyd Aktiengesellschaft,2020-05-15T01:57:00.000Z,TAS,0.56,0.12,-78.38,EDT,-14400000,EQUITY
NLFKF,Nilfisk Holding A/S,2020-05-15T01:30:00.000Z,TAS,,0.09,,EDT,-14400000,EQUITY
GLATF,Global Atomic Corporation,2020-05-14T17:05:00.000Z,TAS,,,,EDT,-14400000,EQUITY
AGRUF,AF Gruppen ASA,2020-05-15T01:11:00.000Z,TAS,1.79,1.23,-31.28,EDT,-14400000,EQUITY
ADIMF,"Asahi Diamond Industrial Co., Ltd.",2020-05-15T02:00:00.000Z,TAS,-0.5,-18.76,-3652,UTC,0,EQUITY
ALPN,"Alpine Immune Sciences, Inc.",2020-05-14T16:01:00.000Z,TAS,-0.47,-0.3,36.17,EDT,-14400000,EQUITY
AEYE,"AudioEye, Inc.",2020-05-14T16:12:00.000Z,TAS,-0.23,-0.19,17.39,EDT,-14400000,EQUITY
AIKI,AIkido Pharma Inc.,2020-05-14T17:43:00.000Z,TAS,,,,EDT,-14400000,EQUITY
AZZUF,Azarga Uranium Corp.,2020-05-14T13:50:00.000Z,TAS,,,,UTC,0,EQUITY
ACSAF,"ACS, Actividades de Construcción y Servicios, S.A.",2020-05-14T06:27:00.000Z,TAS,0.06,0.66,942.86,EDT,-14400000,EQUITY
BTRCF,Better Collective A/S,2020-05-15T02:00:00.000Z,TAS,0.08,0.11,37.5,EDT,-14400000,EQUITY
AMAT,"Applied Materials, Inc.",2020-05-14T16:01:00.000Z,TAS,0.94,0.89,-5.12,EDT,-14400000,EQUITY
CABGY,Carlsberg A/S,2020-05-14T16:22:00.000Z,TAS,,,,EDT,-14400000,EQUITY
PRBCF,Precise Biometrics AB (publ),2020-05-15T03:54:00.000Z,TAS,,0,,EDT,-14400000,EQUITY
ZFSVF,Zurich Insurance Group AG,2020-05-14T17:05:00.000Z,TAS,,,,EDT,-14400000,EQUITY
HNNA,"Hennessy Advisors, Inc.",2020-05-14T16:34:00.000Z,TAS,,0.27,,EDT,-14400000,EQUITY
SLVFF,Silverlake Axis Ltd,2020-05-14T05:50:00.000Z,TAS,,,,EDT,-14400000,EQUITY
SUEZY,Südzucker AG,2020-05-14T04:05:00.000Z,TAS,-0.07,-0.18,-157.14,EDT,-14400000,EQUITY
ZLDPF,Zealand Pharma A/S,2020-05-14T09:00:00.000Z,TAS,,-4.98,,EDT,-14400000,EQUITY
SNGAF,Singapore Airlines Limited,2020-05-14T05:38:00.000Z,TAS,,-0.62,,UTC,0,EQUITY
PTKHF,Petkim Petrokimya Holding A.S.,2020-05-15T02:11:00.000Z,TAS,,-0.01,,UTC,0,EQUITY
AHICF,"Asahi Intecc Co., Ltd.",2020-05-15T02:44:00.000Z,TAS,12.99,11.98,-7.75,EDT,-14400000,EQUITY
ALMTF,Almonty Industries Inc.,2020-05-14T17:05:00.000Z,TAS,,,,EDT,-14400000,EQUITY
AUD,"Audacy, Inc.",2020-05-14T08:00:00.000Z,TAS,0,-0.01,-233.33,EDT,-14400000,EQUITY
TCMFF,Telecom Argentina S.A.,2020-05-14T21:46:00.000Z,TAS,-0.65,1.18,281.54,EDT,-14400000,EQUITY
AAU,Almaden Minerals Ltd.,2020-05-14T17:01:00.000Z,TAS,,,,EDT,-14400000,EQUITY
ALVOF,Alvopetro Energy Ltd.,2020-05-14T08:36:00.000Z,TAS,-0.03,-0.03,0,EDT,-14400000,EQUITY
CHRRF,Chorus Aviation Inc.,2020-05-14T19:00:00.000Z,TAS,0.17,0.16,-3.61,EDT,-14400000,EQUITY
ADSGF,adesso SE,2020-05-14T04:16:00.000Z,TAS,,0.6,,EDT,-14400000,EQUITY
ARMP,"Armata Pharmaceuticals, Inc.",2020-05-14T16:08:00.000Z,TAS,-0.29,-0.49,-66.1,EDT,-14400000,EQUITY
SHYYF,"Shakey's Pizza Asia Ventures, Inc.",2020-05-14T20:19:00.000Z,TAS,,,,UTC,0,EQUITY
VBLT,Vascular Biogenics Ltd.,2020-05-14T07:00:00.000Z,TAS,-0.17,-0.15,9.64,EDT,-14400000,EQUITY
BMTM,"Bright Mountain Media, Inc.",2020-05-14T17:05:00.000Z,TAS,,,,EDT,-14400000,EQUITY
BEEMW,Beam Global,2020-05-14T16:05:00.000Z,TAS,-0.23,-0.18,21.74,EDT,-14400000,EQUITY
BLU,BELLUS Health Inc.,2020-05-14T17:00:00.000Z,TAS,-0.19,-0.17,8.99,EDT,-14400000,EQUITY
SBS,Companhia de Saneamento Básico do Estado de São Paulo - SABESP,2020-05-14T22:34:00.000Z,TAS,,,,EDT,-14400000,EQUITY
SEBFF,Smart Employee Benefits Inc.,2020-05-14T07:44:00.000Z,TAS,,,,EDT,-14400000,EQUITY
NAVB,"Navidea Biopharmaceuticals, Inc.",2020-05-14T16:01:00.000Z,TAS,,-0.13,,EDT,-14400000,EQUITY
TBVPF,Thai Beverage Public Company Limited,2020-05-14T08:50:00.000Z,TAS,0.24,0.22,-10.66,EDT,-14400000,EQUITY
BW,"Babcock & Wilcox Enterprises, Inc.",2020-05-14T17:21:00.000Z,TAS,-0.37,-0.61,-63.98,EDT,-14400000,EQUITY
BEEM,Beam Global,2020-05-14T16:05:00.000Z,TAS,-0.23,-0.18,21.74,EDT,-14400000,EQUITY
BRGGD,Bragg Gaming Group Inc.,2020-05-14T16:30:00.000Z,TAS,,,,UTC,0,EQUITY
BRAG,Bragg Gaming Group Inc.,2020-05-14T16:30:00.000Z,TAS,,,,EDT,-14400000,EQUITY
DARE,"Daré Bioscience, Inc.",2020-05-14T08:00:00.000Z,TAS,-0.29,-0.18,38.98,EDT,-14400000,EQUITY
MSSZF,Massimo Zanetti Beverage Group S.p.A.,2020-05-14T11:39:00.000Z,TAS,,,,UTC,0,EQUITY
JPSTF,"JAPAN POST BANK Co.,Ltd.",2020-05-15T02:00:00.000Z,TAS,16.49,16.91,2.55,EDT,-14400000,EQUITY
SMEYF,Smart Employee Benefits Inc.,2020-05-14T07:44:00.000Z,TAS,,,,UTC,0,EQUITY
CANSF,Willow Biosciences Inc.,2020-05-14T19:24:00.000Z,TAS,,,,EDT,-14400000,EQUITY
YTEN,"Yield10 Bioscience, Inc.",2020-05-14T16:15:00.000Z,TAS,-1.97,-2.12,-7.61,EDT,-14400000,EQUITY
BLBD,Blue Bird Corporation,2020-05-14T16:00:00.000Z,TAS,0.24,0.1,-58.33,EDT,-14400000,EQUITY
BKYI,"BIO-key International, Inc.",2020-05-14T17:22:00.000Z,TAS,-0.24,-1.36,-466.67,EDT,-14400000,EQUITY
BKRKF,PT Bank Rakyat Indonesia (Persero) Tbk,2020-05-14T07:22:00.000Z,TAS,66.82,64.57,-3.37,EDT,-14400000,EQUITY
CWXZF,Doman Building Materials Group Ltd.,2020-05-14T16:00:00.000Z,TAS,0.02,0.01,-44.44,EDT,-14400000,EQUITY
INMB,"INmune Bio, Inc.",2020-05-14T06:05:00.000Z,TAS,-0.21,-0.19,9.52,EDT,-14400000,EQUITY
SGBX,"SG Blocks, Inc.",2020-05-14T16:34:00.000Z,TAS,-0.2,-0.64,-220,EDT,-14400000,EQUITY
PHGE-UN,BiomX Inc.,2020-05-14T06:30:00.000Z,TAS,-0.21,-0.26,-20.93,EDT,-14400000,EQUITY
BOWFF,Boardwalk Real Estate Investment Trust,2020-05-14T17:00:00.000Z,TAS,,,,EDT,-14400000,EQUITY
BASI,"Bioanalytical Systems, Inc.",2020-05-14T14:18:00.000Z,TAS,,,,UTC,0,EQUITY
BLIN,"Bridgeline Digital, Inc.",2020-05-14T16:31:00.000Z,TAS,,,,EDT,-14400000,EQUITY
BPTH,"Bio-Path Holdings, Inc.",2020-05-14T16:12:00.000Z,TAS,-0.67,-0.9,-34.33,EDT,-14400000,EQUITY
BOLSF,"B3 S.A. - Brasil, Bolsa, Balcão",2020-05-14T19:29:00.000Z,TAS,0.17,0.19,12.65,UTC,0,EQUITY
BAINF,"BASE, Inc.",2020-05-15T03:00:00.000Z,TAS,,-0.29,,EDT,-14400000,EQUITY
EVSI,Beam Global,2020-05-14T16:05:00.000Z,TAS,-0.23,-0.18,21.74,UTC,0,EQUITY
MBXBF,Microbix Biosystems Inc.,2020-05-14T07:10:00.000Z,TAS,,,,EDT,-14400000,EQUITY
PBR,Petróleo Brasileiro S.A. - Petrobras,2020-05-14T18:19:00.000Z,TAS,0.06,-1.49,-2465.08,EDT,-14400000,EQUITY
KLDO,"Kaleido Biosciences, Inc.",2020-05-14T06:32:00.000Z,TAS,-0.64,-0.64,0,EDT,-14400000,EQUITY
XBIO,"Xenetic Biosciences, Inc.",2020-05-14T16:09:00.000Z,TAS,-0.37,-0.19,48.65,EDT,-14400000,EQUITY
BLFS,"BioLife Solutions, Inc.",2020-05-14T16:05:00.000Z,TAS,-0.02,1.06,6725,EDT,-14400000,EQUITY
BRGGF,Bragg Gaming Group Inc.,2020-05-14T16:30:00.000Z,TAS,,,,UTC,0,EQUITY
BTBIF,BTB Real Estate Investment Trust,2020-05-14T07:07:00.000Z,TAS,,,,EDT,-14400000,EQUITY
KURRF,"Kuraray Co., Ltd.",2020-05-14T04:00:00.000Z,TAS,18.92,19.5,3.04,EDT,-14400000,EQUITY
MZDAY,Mazda Motor Corporation,2020-05-14T04:00:00.000Z,TAS,-3.5,-32.15,-818.57,EDT,-14400000,EQUITY
CTRTF,Centrotec SE,2020-05-14T05:51:00.000Z,TAS,,,,UTC,0,EQUITY
CWBHF,"Charlotte's Web Holdings, Inc.",2020-05-14T06:05:00.000Z,TAS,-0.06,-0.11,-83.33,EDT,-14400000,EQUITY
DALXF,Spartan Delta Corp.,2020-05-14T10:04:00.000Z,TAS,0,0,,EDT,-14400000,EQUITY
CSSE,"Chicken Soup for the Soul Entertainment, Inc.",2020-05-14T15:48:00.000Z,TAS,-0.58,-0.95,-62.95,EDT,-14400000,EQUITY
DALXD,Spartan Delta Corp.,2020-05-14T10:04:00.000Z,TAS,0,0,,UTC,0,EQUITY
CTEK,"CynergisTek, Inc.",2020-05-14T16:00:00.000Z,TAS,-0.13,-0.18,-38.46,EDT,-14400000,EQUITY
CSQPF,Cervus Equipment Corporation,2020-05-14T17:37:00.000Z,TAS,-0.18,0.02,110.81,UTC,0,EQUITY
OPRT,Oportun Financial Corporation,2020-05-14T16:05:00.000Z,TAS,0.17,-0.04,-123.95,EDT,-14400000,EQUITY
CWBR,"CohBar, Inc.",2020-05-14T16:08:00.000Z,TAS,,,,EDT,-14400000,EQUITY
EEVVF,Eve & Co Incorporated,2020-05-14T08:00:00.000Z,TAS,,,,EDT,-14400000,EQUITY
ECNCF,ECN Capital Corp.,2020-05-14T16:19:00.000Z,TAS,0.06,0.06,-4.76,EDT,-14400000,EQUITY
KEM,KEMET Corporation,2020-05-14T08:00:00.000Z,TAS,0.18,0.37,111.43,UTC,0,EQUITY
RNFTF,Public Joint Stock Company Rosneft Oil Company,2020-05-15T02:55:00.000Z,TAS,0.28,,,EDT,-14400000,EQUITY
SANJF,"Sanken Electric Co., Ltd.",2020-05-15T02:00:00.000Z,TAS,20.9,76.22,264.69,EDT,-14400000,EQUITY
NXCLF,"LIFULL Co., Ltd.",2020-05-14T04:10:00.000Z,TAS,,7.27,,EDT,-14400000,EQUITY
JCS,"Communications Systems, Inc.",2020-05-14T08:22:00.000Z,TAS,-0.02,-0.09,-350,EDT,-14400000,EQUITY
GHIV,UWM Holdings Corporation,2020-05-14T17:01:00.000Z,TAS,,,,UTC,0,EQUITY
NPPMF,"Nippon Light Metal Holdings Company, Ltd.",2020-05-15T01:00:00.000Z,TAS,,-68.05,,UTC,0,EQUITY
CSPI,CSP Inc.,2020-05-14T08:30:00.000Z,TAS,,,,EDT,-14400000,EQUITY
MSC,Studio City International Holdings Limited,2020-05-14T07:56:00.000Z,TAS,-1.38,-1.12,19.13,EDT,-14400000,EQUITY
GRWG,GrowGeneration Corp.,2020-05-14T08:00:00.000Z,TAS,0.03,-0.06,-287.5,EDT,-14400000,EQUITY
TLOFF,Talon Metals Corp.,2020-05-14T16:38:00.000Z,TAS,,,,EDT,-14400000,EQUITY
TGCDF,Teranga Gold Corporation,2020-05-14T06:16:00.000Z,TAS,0.1,0.06,-38.78,UTC,0,EQUITY
TKYMF,Tokuyama Corporation,2020-05-14T20:02:00.000Z,TAS,,27.73,,EDT,-14400000,EQUITY
SWKH,SWK Holdings Corporation,2020-05-14T16:06:00.000Z,TAS,,,,EDT,-14400000,EQUITY
VVI,Viad Corp,2020-05-14T16:10:00.000Z,TAS,-0.56,-0.42,25,EDT,-14400000,EQUITY
SKSJF,"Shinko Shoji Co., Ltd.",2020-05-15T02:30:00.000Z,TAS,,16.41,,EDT,-14400000,EQUITY
CDOR,"Condor Hospitality Trust, Inc.",2020-05-14T16:35:00.000Z,TAS,-0.18,-0.27,-50,UTC,0,EQUITY
CMTUF,Comture Corporation,2020-05-15T02:30:00.000Z,TAS,,18.28,,EDT,-14400000,EQUITY
CCDBF,CCL Industries Inc.,2020-05-14T07:00:00.000Z,TAS,0.64,0.71,11.46,EDT,-14400000,EQUITY
ESP,Espey Mfg. & Electronics Corp.,2020-05-14T16:03:00.000Z,TAS,,,,EDT,-14400000,EQUITY
DYNT,Dynatronics Corporation,2020-05-14T06:30:00.000Z,TAS,-0.04,-0.13,-188.89,EDT,-14400000,EQUITY
DPHC,DiamondPeak Holdings Corp.,2020-05-14T16:15:00.000Z,TAS,,,,UTC,0,EQUITY
SPNS,Sapiens International Corporation N.V.,2020-05-14T06:39:00.000Z,TAS,0.19,0.2,3.63,EDT,-14400000,EQUITY
RIDE,Lordstown Motors Corp.,2020-05-14T16:15:00.000Z,TAS,,,,EDT,-14400000,EQUITY
VERO,Venus Concept Inc.,2020-05-14T16:38:00.000Z,TAS,-0.71,-1.68,-136.62,EDT,-14400000,EQUITY
NCLH,Norwegian Cruise Line Holdings Ltd.,2020-05-14T07:00:00.000Z,TAS,-0.5,-0.99,-97.6,EDT,-14400000,EQUITY
QRHC,Quest Resource Holding Corporation,2020-05-14T16:00:00.000Z,TAS,-0.02,-0.02,0,EDT,-14400000,EQUITY
OBYCF,Obayashi Corporation,2020-05-14T23:00:00.000Z,TAS,,29.72,,EDT,-14400000,EQUITY
CDR,"Cedar Realty Trust, Inc.",2020-05-14T16:05:00.000Z,TAS,-0.23,-0.4,-71.43,EDT,-14400000,EQUITY
CAPR,"Capricor Therapeutics, Inc.",2020-05-14T16:01:00.000Z,TAS,-0.33,-0.3,9.09,EDT,-14400000,EQUITY
CETX,"Cemtrex, Inc.",2020-05-14T14:18:00.000Z,TAS,,,,EDT,-14400000,EQUITY
ETRN,Equitrans Midstream Corporation,2020-05-14T16:33:00.000Z,TAS,0.29,0.46,59.17,EDT,-14400000,EQUITY
CYBQF,CYBERDYNE Inc.,2020-05-15T02:30:00.000Z,TAS,,-0.65,,EDT,-14400000,EQUITY
FKSHF,Fukushima Galilei Co.Ltd.,2020-05-15T03:00:00.000Z,TAS,,80.25,,EDT,-14400000,EQUITY
EEVVD,Eve & Co Incorporated,2020-05-14T08:00:00.000Z,TAS,,,,UTC,0,EQUITY
CRDNF,Cardinal Resources Limited,2020-05-14T04:56:00.000Z,TAS,-0.01,-0.03,-170,UTC,0,EQUITY
OTPMF,OPTiM Corporation,2020-05-15T02:15:00.000Z,TAS,,2.82,,EDT,-14400000,EQUITY
WNC,Wabash National Corporation,2020-05-14T06:58:00.000Z,TAS,-0.03,-0.04,-53.85,EDT,-14400000,EQUITY
PHOJY,Public Joint-Stock Company PhosAgro,2020-05-14T12:36:00.000Z,TAS,-35.42,36.95,204.32,EDT,-14400000,EQUITY
CREX,"Creative Realities, Inc.",2020-05-14T17:28:00.000Z,TAS,-0.15,-1.35,-800,EDT,-14400000,EQUITY
JPPIF,"Japan Post Insurance Co., Ltd.",2020-05-15T02:00:00.000Z,TAS,42.23,63.45,50.25,EDT,-14400000,EQUITY
REDU,RISE Education Cayman Ltd,2020-05-14T16:00:00.000Z,TAS,-0.49,-0.25,48.88,EDT,-14400000,EQUITY
MTBCP,"CareCloud, Inc.",2020-05-14T07:00:00.000Z,TAS,-0.64,-0.42,34.17,EDT,-14400000,EQUITY
CSASF,"Credit Saison Co., Ltd.",2020-05-15T01:00:00.000Z,TAS,6.9,-69.11,-1101.59,EDT,-14400000,EQUITY
TKECY,"Tokyo Electric Power Company Holdings, Incorporated",2020-05-15T02:00:00.000Z,TAS,,-239.75,,EDT,-14400000,EQUITY
MEEC,Midwest Energy Emissions Corp.,2020-05-14T17:03:00.000Z,TAS,,,,EDT,-14400000,EQUITY
NIJPF,"Nippon Paper Industries Co., Ltd.",2020-05-15T02:00:00.000Z,TAS,14.8,33.07,123.45,EDT,-14400000,EQUITY
ITOCY,ITOCHU Corporation,2020-05-15T02:00:00.000Z,TAS,,,,EDT,-14400000,EQUITY
YMTKF,"Yamato Kogyo Co., Ltd.",2020-05-15T01:00:00.000Z,TAS,13,30.23,132.54,EDT,-14400000,EQUITY
WYY,WidePoint Corporation,2020-05-14T16:05:00.000Z,TAS,0,0.1,,EDT,-14400000,EQUITY
NRTZF,Noritz Corporation,2020-05-15T02:00:00.000Z,TAS,,-138.14,,EDT,-14400000,EQUITY
SID,Companhia Siderúrgica Nacional,2020-05-14T19:07:00.000Z,TAS,-2.84,-0.95,66.58,EDT,-14400000,EQUITY
TKECF,"Tokyo Electric Power Company Holdings, Incorporated",2020-05-15T02:00:00.000Z,TAS,,-239.75,,EDT,-14400000,EQUITY
CCOUF,Columbia Care Inc.,2020-05-14T09:35:00.000Z,TAS,-0.1,-0.09,10,UTC,0,EQUITY
BEVFF,Diversified Royalty Corp.,2020-05-14T17:34:00.000Z,TAS,0.05,-0.1,-300,EDT,-14400000,EQUITY
AG,First Majestic Silver Corp.,2020-05-14T07:11:00.000Z,TAS,0.02,0.04,90.48,EDT,-14400000,EQUITY
CTK,CooTek (Cayman) Inc.,2020-05-15T00:05:00.000Z,TAS,-2.2,-1.82,17.16,EDT,-14400000,EQUITY
CCHWF,Columbia Care Inc.,2020-05-14T09:35:00.000Z,TAS,-0.1,-0.09,10,EDT,-14400000,EQUITY
CODX,"Co-Diagnostics, Inc.",2020-05-14T16:08:00.000Z,TAS,-0.05,-0.05,5.66,EDT,-14400000,EQUITY
MZDAF,Mazda Motor Corporation,2020-05-14T04:00:00.000Z,TAS,-3.5,-32.15,-818.57,EDT,-14400000,EQUITY
FXSRF,Fixstars Corporation,2020-05-14T04:10:00.000Z,TAS,,9.14,,EDT,-14400000,EQUITY
ELP,Companhia Paranaense de Energia - COPEL,2020-05-14T20:58:00.000Z,TAS,,,,EDT,-14400000,EQUITY
DENN,Denny's Corporation,2020-05-14T16:05:00.000Z,TAS,0.11,0.17,49.12,EDT,-14400000,EQUITY
CTXR,"Citius Pharmaceuticals, Inc.",2020-05-14T16:28:00.000Z,TAS,-0.1,-0.13,-30,EDT,-14400000,EQUITY
SGSVF,Sabina Gold & Silver Corp.,2020-05-14T08:00:00.000Z,TAS,0,0,,EDT,-14400000,EQUITY
OJSCY,Public Joint Stock Company Rosneft Oil Company,2020-05-15T02:55:00.000Z,TAS,0.15,-0.22,-250.68,EDT,-14400000,EQUITY
LFDEF,UrtheCast Corp.,2020-05-14T08:00:00.000Z,TAS,,,,UTC,0,EQUITY
IGXT,IntelGenx Technologies Corp.,2020-05-14T16:08:00.000Z,TAS,-0.02,-0.03,-50,EDT,-14400000,EQUITY
MIURF,"Miura Co., Ltd.",2020-05-15T02:00:00.000Z,TAS,,34.45,,EDT,-14400000,EQUITY
MFCSF,Medical Facilities Corporation,2020-05-14T07:00:00.000Z,TAS,0.01,0.16,1500,EDT,-14400000,EQUITY
OMQS,OMNIQ Corp.,2020-05-14T11:55:00.000Z,TAS,,,,EDT,-14400000,EQUITY
NPCPF,"Nippon Paint Holdings Co., Ltd.",2020-05-15T03:19:00.000Z,TAS,6.34,4.66,-26.58,EDT,-14400000,EQUITY
SLEGF,Silergy Corp.,2020-05-14T06:38:00.000Z,TAS,6.33,7.38,16.51,EDT,-14400000,EQUITY
SHKBF,Shibuya Corporation,2020-05-15T02:00:00.000Z,TAS,,78.15,,EDT,-14400000,EQUITY
VERB,"Verb Technology Company, Inc.",2020-05-14T17:05:00.000Z,TAS,-0.13,-0.35,-159.26,EDT,-14400000,EQUITY
YATRF,"Yamato Holdings Co., Ltd.",2020-05-15T02:00:00.000Z,TAS,-12.24,-22.88,-86.94,EDT,-14400000,EQUITY
POEFF,Pan Orient Energy Corp.,2020-05-14T08:22:00.000Z,TAS,,,,EDT,-14400000,EQUITY
CEQXF,Cequence Energy Ltd.,2020-05-14T21:22:00.000Z,TAS,,,,UTC,0,EQUITY
USEG,U.S. Energy Corp.,2020-05-14T17:05:00.000Z,TAS,,,,EDT,-14400000,EQUITY
CDR-PC,"Cedar Realty Trust, Inc.",2020-05-14T16:05:00.000Z,TAS,0,-0.06,-1100,EDT,-14400000,EQUITY
CESDF,CES Energy Solutions Corp.,2020-05-14T16:00:00.000Z,TAS,0.03,-0.86,-3065.52,EDT,-14400000,EQUITY
CVET,"Covetrus, Inc.",2020-05-14T16:05:00.000Z,TAS,0.12,0.18,47.54,EDT,-14400000,EQUITY
EMMS,Emmis Communications Corporation,2020-05-14T12:00:00.000Z,TAS,,,,EDT,-14400000,EQUITY
DPHCU,DiamondPeak Holdings Corp.,2020-05-14T16:15:00.000Z,TAS,,,,UTC,0,EQUITY
SMECF,SMC Corporation,2020-05-15T02:00:00.000Z,TAS,305.87,418.56,36.84,EDT,-14400000,EQUITY
CSSEP,"Chicken Soup for the Soul Entertainment, Inc.",2020-05-14T15:48:00.000Z,TAS,-0.58,-0.95,-62.95,EDT,-14400000,EQUITY
UWMC,UWM Holdings Corporation,2020-05-14T17:01:00.000Z,TAS,,,,EDT,-14400000,EQUITY
MDP,Meredith Corporation,2020-05-14T08:00:00.000Z,TAS,1.1,0.49,-55.58,EDT,-14400000,EQUITY
TSSJF,"Tsutsumi Jewelry Co.,Ltd.",2020-05-15T01:00:00.000Z,TAS,,,,EDT,-14400000,EQUITY
NHBAF,"Nichiban Co., Ltd.",2020-05-15T01:00:00.000Z,TAS,,4.1,,EDT,-14400000,EQUITY
SATOF,Sato Holdings Corporation,2020-05-15T02:00:00.000Z,TAS,,-179.9,,EDT,-14400000,EQUITY
DICCF,DIC Corporation,2020-05-14T23:00:00.000Z,TAS,,48.65,,EDT,-14400000,EQUITY
GLDRF,Idaho Champion Gold Mines Canada Inc.,2020-05-14T17:01:00.000Z,TAS,,,,EDT,-14400000,EQUITY
SANW,S&W Seed Company,2020-05-14T08:00:00.000Z,TAS,-0.11,-0.09,20.35,EDT,-14400000,EQUITY
VVCIF,VIVO Cannabis Inc.,2020-05-14T18:24:00.000Z,TAS,-0.02,-0.04,-100,EDT,-14400000,EQUITY
GLOFF,ContourGlobal plc,2020-05-15T02:59:00.000Z,TAS,,,,EDT,-14400000,EQUITY
MEIJF,"Meiji Electric Industries Co.,Ltd.",2020-05-15T02:00:00.000Z,TAS,,83.82,,UTC,0,EQUITY
MTBC,"CareCloud, Inc.",2020-05-14T07:00:00.000Z,TAS,-0.64,-0.42,34.17,EDT,-14400000,EQUITY
SNCPF,Sun Corporation,2020-05-15T03:00:00.000Z,TAS,,-29.68,,EDT,-14400000,EQUITY
KEP,Korea Electric Power Corporation,2020-05-14T21:44:00.000Z,TAS,,,,EDT,-14400000,EQUITY
NYC,"New York City REIT, Inc.",2020-05-14T17:03:00.000Z,TAS,,,,EDT,-14400000,EQUITY
OGDCF,OceanaGold Corporation,2020-05-14T05:07:00.000Z,TAS,0,-0.01,,EDT,-14400000,EQUITY
TFCCF,Terra Firma Capital Corporation,2020-05-14T17:00:00.000Z,TAS,,,,EDT,-14400000,EQUITY
SOMMF,"Sumitomo Chemical Company, Limited",2020-05-15T02:00:00.000Z,TAS,-4.88,-4.08,16.46,EDT,-14400000,EQUITY
WACLF,Wacoal Holdings Corp.,2020-05-15T02:00:00.000Z,TAS,,-116.9,,EDT,-14400000,EQUITY
TEMPF,"Persol Holdings Co., Ltd.",2020-05-15T02:30:00.000Z,TAS,,35.57,,EDT,-14400000,EQUITY
WFCF,"Where Food Comes From, Inc.",2020-05-14T16:28:00.000Z,TAS,,,,EDT,-14400000,EQUITY
JPHLF,"Japan Post Holdings Co., Ltd.",2020-05-15T02:00:00.000Z,TAS,30.27,15.27,-49.55,EDT,-14400000,EQUITY
CFXTF,Conifex Timber Inc.,2020-05-14T08:13:00.000Z,TAS,-0.11,-0.17,-54.55,EDT,-14400000,EQUITY
ZSAN,Zosano Pharma Corporation,2020-05-14T17:28:00.000Z,TAS,-8.87,-8.4,5.27,EDT,-14400000,EQUITY
OCANF,OceanaGold Corporation,2020-05-14T05:07:00.000Z,TAS,0,-0.02,-75,EDT,-14400000,EQUITY
DSS,"DSS, Inc.",2020-05-14T17:00:00.000Z,TAS,-0.3,-1.23,-310,EDT,-14400000,EQUITY
EAST,"Eastside Distilling, Inc.",2020-05-14T17:03:00.000Z,TAS,-0.28,-0.36,-28.57,EDT,-14400000,EQUITY
DSX,Diana Shipping Inc.,2020-05-14T08:28:00.000Z,TAS,-0.05,-0.12,-155.32,EDT,-14400000,EQUITY
TDHOF,"T&D Holdings, Inc.",2020-05-15T02:00:00.000Z,TAS,15.6,27.13,73.91,EDT,-14400000,EQUITY
MARA,"Marathon Digital Holdings, Inc.",2020-05-14T17:33:00.000Z,TAS,,,,EDT,-14400000,EQUITY
HSYDF,Harmonic Drive Systems Inc.,2020-05-15T02:30:00.000Z,TAS,-4.29,-3.07,28.47,EDT,-14400000,EQUITY
NNDM,Nano Dimension Ltd.,2020-05-14T16:40:00.000Z,TAS,,,,EDT,-14400000,EQUITY
MDRR,"Medalist Diversified REIT, Inc.",2020-05-14T16:17:00.000Z,TAS,-0.08,-0.38,-375,EDT,-14400000,EQUITY
DLGCF,Datalogic S.p.A.,2020-05-14T13:14:00.000Z,TAS,,-0.07,,EDT,-14400000,EQUITY
DSX-PB,Diana Shipping Inc.,2020-05-14T08:28:00.000Z,TAS,-0.05,-0.12,-155.32,EDT,-14400000,EQUITY
DCTH,"Delcath Systems, Inc.",2020-05-14T17:01:00.000Z,TAS,,,,EDT,-14400000,EQUITY
DDS,"Dillard's, Inc.",2020-05-14T16:15:00.000Z,TAS,-1.57,-6.94,-340.91,EDT,-14400000,EQUITY
DYAI,"Dyadic International, Inc.",2020-05-14T16:12:00.000Z,TAS,-0.02,-0.08,-300,EDT,-14400000,EQUITY
DVXIF,DVx Inc.,2020-05-15T02:00:00.000Z,TAS,,,,EDT,-14400000,EQUITY
MDRRP,"Medalist Diversified REIT, Inc.",2020-05-14T16:17:00.000Z,TAS,-0.08,-0.38,-375,EDT,-14400000,EQUITY
SHWDF,Showa Denko K.K.,2020-05-15T02:30:00.000Z,TAS,,18.5,,EDT,-14400000,EQUITY
REPX,"Riley Exploration Permian, Inc.",2020-05-14T17:05:00.000Z,TAS,,,,EDT,-14400000,EQUITY
EROMF,Euro Manganese Inc.,2020-05-14T08:00:00.000Z,TAS,,,,UTC,0,EQUITY
ENGMF,Enthusiast Gaming Holdings Inc.,2020-05-14T17:46:00.000Z,TAS,-0.06,-0.07,-22.81,UTC,0,EQUITY
EQM,"EQM Midstream Partners, LP",2020-05-14T06:30:00.000Z,TAS,0.91,1.21,33.55,UTC,0,EQUITY
NDRA,ENDRA Life Sciences Inc.,2020-05-14T16:00:00.000Z,TAS,-0.33,-0.29,13.43,EDT,-14400000,EQUITY
NWHUF,NorthWest Healthcare Properties Real Estate Investment Trust,2020-05-14T21:43:00.000Z,TAS,,,,EDT,-14400000,EQUITY
SNUYF,Serinus Energy plc,2020-05-15T02:07:00.000Z,TAS,,,,EDT,-14400000,EQUITY
CDDRF,Headwater Exploration Inc.,2020-05-14T16:42:00.000Z,TAS,0.03,-0.06,-300,EDT,-14400000,EQUITY
ETON,"Eton Pharmaceuticals, Inc.",2020-05-14T16:02:00.000Z,TAS,-0.22,-0.5,-124.22,EDT,-14400000,EQUITY
XCUR,"Exicure, Inc.",2020-05-14T06:00:00.000Z,TAS,-0.09,0.01,111.24,EDT,-14400000,EQUITY
LAREF,"Lar España Real Estate SOCIMI, S.A.",2020-05-14T10:16:00.000Z,TAS,,0.15,,EDT,-14400000,EQUITY
EXETF,Extendicare Inc.,2020-05-14T19:04:00.000Z,TAS,,,,EDT,-14400000,EQUITY
NOVA,Sunnova Energy International Inc.,2020-05-14T10:48:00.000Z,TAS,-0.22,-0.85,-277.78,EDT,-14400000,EQUITY
ECOR,"electroCore, Inc.",2020-05-14T16:05:00.000Z,TAS,-0.23,-0.27,-17.39,EDT,-14400000,EQUITY
ERTWF,Eurotech S.p.A.,2020-05-14T15:09:00.000Z,TAS,,0.02,,EDT,-14400000,EQUITY
EUMNF,Euro Manganese Inc.,2020-05-14T08:00:00.000Z,TAS,,,,EDT,-14400000,EQUITY
EENNF,ENAV S.p.A.,2020-05-14T06:41:00.000Z,TAS,,,,EDT,-14400000,EQUITY
MLCO,Melco Resorts & Entertainment Limited,2020-05-14T07:54:00.000Z,TAS,-0.43,-0.76,-76.33,EDT,-14400000,EQUITY
VTNR,"Vertex Energy, Inc.",2020-05-14T06:09:00.000Z,TAS,-0.04,-0.21,-500,EDT,-14400000,EQUITY
EGLX,Enthusiast Gaming Holdings Inc.,2020-05-14T17:46:00.000Z,TAS,-0.06,-0.07,-22.81,EDT,-14400000,EQUITY
ELEAF,EL.En. S.p.A.,2020-05-14T06:48:00.000Z,TAS,,,,EDT,-14400000,EQUITY
HRUFF,H&R Real Estate Investment Trust,2020-05-14T17:26:00.000Z,TAS,,,,EDT,-14400000,EQUITY
PEGY,Pineapple Energy Inc.,2020-05-14T08:22:00.000Z,TAS,-0.02,-0.09,-350,EDT,-14400000,EQUITY
FSI,Flexible Solutions International Inc.,2020-05-14T16:09:00.000Z,TAS,0.06,0.1,66.67,EDT,-14400000,EQUITY
MUFG,"Mitsubishi UFJ Financial Group, Inc.",2020-05-15T03:45:00.000Z,TAS,,,,EDT,-14400000,EQUITY
FTCH,Farfetch Limited,2020-05-14T16:01:00.000Z,TAS,-0.33,-0.24,27.93,EDT,-14400000,EQUITY
MBFJF,"Mitsubishi UFJ Financial Group, Inc.",2020-05-15T03:45:00.000Z,TAS,-4.8,-4.29,10.62,EDT,-14400000,EQUITY
FOJCF,Fortum Oyj,2020-05-15T01:55:00.000Z,TAS,0.63,0.82,30.57,EDT,-14400000,EQUITY
FREQ,"Frequency Therapeutics, Inc.",2020-05-14T07:30:00.000Z,TAS,-0.17,-0.16,7.51,EDT,-14400000,EQUITY
FENC,Fennec Pharmaceuticals Inc.,2020-05-14T06:00:00.000Z,TAS,-0.19,-0.19,-1.6,EDT,-14400000,EQUITY
VFF,"Village Farms International, Inc.",2020-05-14T17:24:00.000Z,TAS,0,0.08,2766.67,EDT,-14400000,EQUITY
FNCNF,Fincantieri S.p.A.,2020-05-14T15:43:00.000Z,TAS,,,,EDT,-14400000,EQUITY
FUTU,Futu Holdings Limited,2020-05-14T04:00:00.000Z,TAS,0.72,1.27,76.39,EDT,-14400000,EQUITY
MFG,"Mizuho Financial Group, Inc.",2020-05-15T02:00:00.000Z,TAS,,,,EDT,-14400000,EQUITY
FAITF,"Faith, Inc.",2020-05-14T05:00:00.000Z,TAS,,-43.78,,UTC,0,EQUITY
HUGE,FSD Pharma Inc.,2020-05-14T17:12:00.000Z,TAS,,,,EDT,-14400000,EQUITY
VEL,"Velocity Financial, Inc.",2020-05-14T14:31:00.000Z,TAS,0.31,0.29,-6.75,EDT,-14400000,EQUITY
FREKF,freee K.K.,2020-05-15T02:00:00.000Z,TAS,-17.49,-19.03,-8.81,EDT,-14400000,EQUITY
MZHOF,"Mizuho Financial Group, Inc.",2020-05-15T02:00:00.000Z,TAS,16.2,17.59,8.57,EDT,-14400000,EQUITY
LEFUF,Leon's Furniture Limited,2020-05-14T13:31:00.000Z,TAS,0.1,0.16,60,EDT,-14400000,EQUITY
YFGSF,"Yamaguchi Financial Group, Inc.",2020-05-15T02:00:00.000Z,TAS,,21.24,,EDT,-14400000,EQUITY
GNIIF,GNI Group Ltd.,2020-05-15T02:25:00.000Z,TAS,,3.05,,EDT,-14400000,EQUITY
GLOB,Globant S.A.,2020-05-14T16:15:00.000Z,TAS,0.63,0.64,2.4,EDT,-14400000,EQUITY
GPOLF,Grupa LOTOS S.A.,2020-05-14T13:14:00.000Z,TAS,,,,EDT,-14400000,EQUITY
MOTS,"Motus GI Holdings, Inc.",2020-05-14T16:18:00.000Z,TAS,-0.22,-0.23,-3.6,EDT,-14400000,EQUITY
GTBIF,Green Thumb Industries Inc.,2020-05-14T16:00:00.000Z,TAS,-0.02,-0.02,13.04,EDT,-14400000,EQUITY
GLMD,Galmed Pharmaceuticals Ltd.,2020-05-14T07:00:00.000Z,TAS,-0.37,-0.29,20.77,EDT,-14400000,EQUITY
VREOF,"Goodness Growth Holdings, Inc.",2020-05-14T06:30:00.000Z,TAS,,,,UTC,0,EQUITY
GROW,"U.S. Global Investors, Inc.",2020-05-14T16:35:00.000Z,TAS,,,,EDT,-14400000,EQUITY
GDS,GDS Holdings Limited,2020-05-14T06:15:00.000Z,TAS,-0.53,-0.71,-33.21,EDT,-14400000,EQUITY
IGIC,International General Insurance Holdings Ltd.,2020-05-14T17:05:00.000Z,TAS,,,,EDT,-14400000,EQUITY
LGL,"The LGL Group, Inc.",2020-05-14T16:23:00.000Z,TAS,0.13,0.04,-69.23,EDT,-14400000,EQUITY
KULR,"KULR Technology Group, Inc.",2020-05-14T16:27:00.000Z,TAS,,,,EDT,-14400000,EQUITY
NHHEF,"NH Hotel Group, S.A.",2020-05-14T14:49:00.000Z,TAS,,,,EDT,-14400000,EQUITY
SRGRF,Sunpower Group Ltd.,2020-05-14T09:57:00.000Z,TAS,,,,EDT,-14400000,EQUITY
GDNSF,"Goodness Growth Holdings, Inc.",2020-05-14T06:30:00.000Z,TAS,,,,EDT,-14400000,EQUITY
SLGG,"Super League Gaming, Inc.",2020-05-14T16:05:00.000Z,TAS,-0.34,-0.48,-41.18,EDT,-14400000,EQUITY
SLGL,Sol-Gel Technologies Ltd.,2020-05-14T07:05:00.000Z,TAS,-0.38,-0.33,12.7,EDT,-14400000,EQUITY
VNET,"VNET Group, Inc.",2020-05-14T17:30:00.000Z,TAS,0.03,-1.08,-4253.85,EDT,-14400000,EQUITY
GNPX,"Genprex, Inc.",2020-05-14T16:12:00.000Z,TAS,-0.08,-0.2,-150,EDT,-14400000,EQUITY
UPZPF,Unipol Gruppo S.p.A.,2020-05-15T03:02:00.000Z,TAS,,,,UTC,0,EQUITY
SLS,"SELLAS Life Sciences Group, Inc.",2020-05-14T16:23:00.000Z,TAS,,,,EDT,-14400000,EQUITY
PSHGF,Pou Sheng International (Holdings) Limited,2020-05-14T07:46:00.000Z,TAS,-0.03,-0.03,-3.33,UTC,0,EQUITY
HIMX,"Himax Technologies, Inc.",2020-05-14T11:12:00.000Z,TAS,0.02,0.02,46.67,EDT,-14400000,EQUITY
HOOK,HOOKIPA Pharma Inc.,2020-05-14T07:00:00.000Z,TAS,-0.42,-0.43,-2.38,EDT,-14400000,EQUITY
IMAC,"IMAC Holdings, Inc.",2020-05-14T16:05:00.000Z,TAS,-0.08,-0.18,-111.76,EDT,-14400000,EQUITY
HYRE,HyreCar Inc.,2020-05-14T16:18:00.000Z,TAS,-0.17,-0.25,-49.7,EDT,-14400000,EQUITY
HLTOF,Hellenic Telecommunications Organization S.A.,2020-05-14T05:08:00.000Z,TAS,0.19,0.24,26.32,EDT,-14400000,EQUITY
SPHXF,"SM Prime Holdings, Inc.",2020-05-15T02:51:00.000Z,TAS,0.28,0.29,4.73,EDT,-14400000,EQUITY
MDWT,Midwest Holding Inc.,2020-05-14T15:38:00.000Z,TAS,,,,EDT,-14400000,EQUITY
YUEIF,Yue Yuen Industrial (Holdings) Limited,2020-05-14T06:40:00.000Z,TAS,-0.02,-0.04,-75,EDT,-14400000,EQUITY
HHUSF,Hua Hong Semiconductor Limited,2020-05-14T05:25:00.000Z,TAS,0.02,0.02,-5.88,EDT,-14400000,EQUITY
HEPA,"Hepion Pharmaceuticals, Inc.",2020-05-14T16:09:00.000Z,TAS,-0.96,-0.53,45.08,EDT,-14400000,EQUITY
HHS,"Harte Hanks, Inc.",2020-05-14T16:05:00.000Z,TAS,-0.73,0.67,191.78,EDT,-14400000,EQUITY
INFU,InfuSystem Holdings Inc.,2020-05-14T06:31:00.000Z,TAS,,-0.02,,EDT,-14400000,EQUITY
HBM,Hudbay Minerals Inc.,2020-05-14T20:15:00.000Z,TAS,-0.13,-0.13,0.76,EDT,-14400000,EQUITY
THMO,"ThermoGenesis Holdings, Inc.",2020-05-14T16:05:00.000Z,TAS,-0.01,-1.11,-11000,EDT,-14400000,EQUITY
TCNGF,Tricon Residential Inc.,2020-05-14T17:01:00.000Z,TAS,0.2,-0.21,-207.69,UTC,0,EQUITY
MATN,"Oncotelic Therapeutics, Inc.",2020-05-14T17:26:00.000Z,TAS,,-0.04,,UTC,0,EQUITY
POLA,"Polar Power, Inc.",2020-05-14T14:58:00.000Z,TAS,,-0.47,,EDT,-14400000,EQUITY
RZLT,"Rezolute, Inc.",2020-05-14T18:02:00.000Z,TAS,-1,-1,0,EDT,-14400000,EQUITY
LPTX,"Leap Therapeutics, Inc.",2020-05-14T06:52:00.000Z,TAS,-0.24,-0.55,-124.49,EDT,-14400000,EQUITY
INSU,"Shift Technologies, Inc.",2020-05-14T17:17:00.000Z,TAS,,,,UTC,0,EQUITY
RVMD,"Revolution Medicines, Inc.",2020-05-14T16:10:00.000Z,TAS,-0.33,-0.74,-122.22,EDT,-14400000,EQUITY
TGEN,Tecogen Inc.,2020-05-14T09:02:00.000Z,TAS,-0.01,-0.05,-400,EDT,-14400000,EQUITY
ITRM,Iterum Therapeutics plc,2020-05-14T06:45:00.000Z,TAS,-1.34,-1.08,19.22,EDT,-14400000,EQUITY
QMCI,"QuoteMedia, Inc.",2020-05-14T06:13:00.000Z,TAS,0,0,,EDT,-14400000,EQUITY
SGLB,"Sigma Labs, Inc.",2020-05-14T16:08:00.000Z,TAS,-1,-1.3,-30,EDT,-14400000,EQUITY
TCRR,TCR2 Therapeutics Inc.,2020-05-14T06:45:00.000Z,TAS,-0.6,-0.65,-7.44,EDT,-14400000,EQUITY
INM,InMed Pharmaceuticals Inc.,2020-05-14T07:33:00.000Z,TAS,-0.66,-0.66,0,EDT,-14400000,EQUITY
OTLC,"Oncotelic Therapeutics, Inc.",2020-05-14T17:26:00.000Z,TAS,,-0.04,,EDT,-14400000,EQUITY
NLOK,NortonLifeLock Inc.,2020-05-14T16:15:00.000Z,TAS,0.19,0.26,39.04,EDT,-14400000,EQUITY
SLRX,"Salarius Pharmaceuticals, Inc.",2020-05-14T16:01:00.000Z,TAS,-0.44,-0.22,50,EDT,-14400000,EQUITY
VIVE,"Viveve Medical, Inc.",2020-05-14T16:23:00.000Z,TAS,-126,-8.2,93.49,EDT,-14400000,EQUITY
PULM,"Pulmatrix, Inc.",2020-05-14T09:00:00.000Z,TAS,-4.4,-4.6,-4.55,EDT,-14400000,EQUITY
VRXWF,MediaValet Inc.,2020-05-14T17:36:00.000Z,TAS,,,,EDT,-14400000,EQUITY
USAQ,"QHSLab, Inc.",2020-05-14T08:33:00.000Z,TAS,,,,EDT,-14400000,EQUITY
NOPMF,Neo Performance Materials Inc.,2020-05-14T07:00:00.000Z,TAS,0.07,0.02,-70.59,EDT,-14400000,EQUITY
MYSZ,"My Size, Inc.",2020-05-14T17:01:00.000Z,TAS,,,,EDT,-14400000,EQUITY
VCNX,"Vaccinex, Inc.",2020-05-14T08:33:00.000Z,TAS,-0.75,-0.45,40,EDT,-14400000,EQUITY
RSSS,"Research Solutions, Inc.",2020-05-14T16:04:00.000Z,TAS,,,,EDT,-14400000,EQUITY
IPIX,Innovation Pharmaceuticals Inc.,2020-05-14T09:03:00.000Z,TAS,,,,EDT,-14400000,EQUITY
SOLY,"Soliton, Inc.",2020-05-14T07:30:00.000Z,TAS,-0.25,-0.19,24,UTC,0,EQUITY
PVVTF,"Pivot Technology Solutions, Inc.",2020-05-14T17:00:00.000Z,TAS,-0.04,0.02,150,UTC,0,EQUITY
SKUYF,"Sansei Technologies, Inc.",2020-05-15T02:10:00.000Z,TAS,,53,,EDT,-14400000,EQUITY
IVEVF,Inventiva S.A.,2020-05-14T11:45:00.000Z,TAS,,,,EDT,-14400000,EQUITY
MNMD,Mind Medicine (MindMed) Inc.,2020-05-14T17:01:00.000Z,TAS,,,,EDT,-14400000,EQUITY
INTZ,Intrusion Inc.,2020-05-14T17:52:00.000Z,TAS,,,,EDT,-14400000,EQUITY
SHSP,"SharpSpring, Inc.",2020-05-14T16:11:00.000Z,TAS,-0.14,-0.07,50,UTC,0,EQUITY
SSRM,SSR Mining Inc.,2020-05-14T21:52:00.000Z,TAS,0.3,0.31,5.08,EDT,-14400000,EQUITY
MTHRF,"M3, Inc.",2020-05-15T02:00:00.000Z,TAS,9.82,7.44,-24.19,EDT,-14400000,EQUITY
KNTNF,K92 Mining Inc.,2020-05-14T16:10:00.000Z,TAS,0.04,0.02,-53.49,EDT,-14400000,EQUITY
UNIEF,Uni-Select Inc.,2020-05-14T06:30:00.000Z,TAS,0.01,-0.1,-1350,EDT,-14400000,EQUITY
EFRTF,Nexus Industrial REIT,2020-05-14T19:28:00.000Z,TAS,,,,EDT,-14400000,EQUITY
LTRX,"Lantronix, Inc.",2020-05-14T16:05:00.000Z,TAS,0,0.02,566.67,EDT,-14400000,EQUITY
PRPO,"Precipio, Inc.",2020-05-14T16:07:00.000Z,TAS,-0.18,-0.78,-333.33,EDT,-14400000,EQUITY
KLDI,KLDiscovery Inc.,2020-05-14T16:05:00.000Z,TAS,-0.28,-0.29,-3.57,EDT,-14400000,EQUITY
SONM,"Sonim Technologies, Inc.",2020-05-14T16:05:00.000Z,TAS,-2.75,-4.8,-74.55,EDT,-14400000,EQUITY
MIXIF,"mixi, Inc.",2020-05-15T02:00:00.000Z,TAS,,136.67,,EDT,-14400000,EQUITY
RZLTD,"Rezolute, Inc.",2020-05-14T18:02:00.000Z,TAS,-1,-1,0,UTC,0,EQUITY
TFFP,"TFF Pharmaceuticals, Inc.",2020-05-14T16:09:00.000Z,TAS,-0.24,-0.2,16.67,EDT,-14400000,EQUITY
IMLFF,InMed Pharmaceuticals Inc.,2020-05-14T07:33:00.000Z,TAS,-0.66,-0.66,0,UTC,0,EQUITY
TCN,Tricon Residential Inc.,2020-05-14T17:01:00.000Z,TAS,0.2,-0.21,-207.69,EDT,-14400000,EQUITY
ONTX,"Onconova Therapeutics, Inc.",2020-05-14T16:05:00.000Z,TAS,-0.82,-0.45,45.45,EDT,-14400000,EQUITY
RAPT,"RAPT Therapeutics, Inc.",2020-05-14T08:00:00.000Z,TAS,-0.43,-0.56,-30.23,EDT,-14400000,EQUITY
PSTV,"Plus Therapeutics, Inc.",2020-05-14T16:09:00.000Z,TAS,-0.75,-0.28,62.67,EDT,-14400000,EQUITY
INSUU,"Shift Technologies, Inc.",2020-05-14T17:17:00.000Z,TAS,,,,UTC,0,EQUITY
KLDIW,KLDiscovery Inc.,2020-05-14T16:05:00.000Z,TAS,-0.28,-0.29,-3.57,UTC,0,EQUITY
PRPRF,Prairie Provident Resources Inc.,2020-05-14T17:15:00.000Z,TAS,,,,EDT,-14400000,EQUITY
PECK,"iSun, Inc.",2020-05-14T13:36:00.000Z,TAS,,,,UTC,0,EQUITY
INLX,"Intellinetics, Inc.",2020-05-14T17:00:00.000Z,TAS,,,,EDT,-14400000,EQUITY
JAGGD,Jaguar Mining Inc.,2020-05-14T08:48:00.000Z,TAS,0.1,0.2,100,UTC,0,EQUITY
NBSE,"NeuBase Therapeutics, Inc.",2020-05-14T16:05:00.000Z,TAS,-0.22,-0.26,-16.59,EDT,-14400000,EQUITY
SHWZ,"Medicine Man Technologies, Inc.",2020-05-14T17:05:00.000Z,TAS,,,,EDT,-14400000,EQUITY
RGLS,Regulus Therapeutics Inc.,2020-05-14T16:38:00.000Z,TAS,-0.12,-0.25,-108.33,EDT,-14400000,EQUITY
PSTL,"Postal Realty Trust, Inc.",2020-05-14T16:05:00.000Z,TAS,-0.07,-0.14,-100,EDT,-14400000,EQUITY
OSS,"One Stop Systems, Inc.",2020-05-14T16:01:00.000Z,TAS,-0.07,-0.07,4.11,EDT,-14400000,EQUITY
PRVL,Prevail Therapeutics Inc.,2020-05-14T07:00:00.000Z,TAS,-0.5,-0.56,-12,UTC,0,EQUITY
XPEL,"XPEL, Inc.",2020-05-14T08:30:00.000Z,TAS,0.06,0.06,9.09,EDT,-14400000,EQUITY
QBCRF,Quebecor Inc.,2020-05-14T06:00:00.000Z,TAS,0.47,0.44,-5.78,EDT,-14400000,EQUITY
VNWTF,Vecima Networks Inc.,2020-05-14T18:40:00.000Z,TAS,-0.04,0.03,166.67,EDT,-14400000,EQUITY
USIO,"Usio, Inc.",2020-05-14T16:00:00.000Z,TAS,-0.09,-0.06,35.48,EDT,-14400000,EQUITY
SCTY,"Monitronics International, Inc.",2020-05-14T05:38:00.000Z,TAS,-1.72,-5.07,-194.77,EDT,-14400000,EQUITY
NOTV,"Inotiv, Inc.",2020-05-14T14:18:00.000Z,TAS,,,,EDT,-14400000,EQUITY
RSLS,ReShape Lifesciences Inc.,2020-05-14T17:00:00.000Z,TAS,,,,EDT,-14400000,EQUITY
ISUN,"iSun, Inc.",2020-05-14T13:36:00.000Z,TAS,,,,EDT,-14400000,EQUITY
JAGGF,Jaguar Mining Inc.,2020-05-14T08:48:00.000Z,TAS,0.1,0.2,100,EDT,-14400000,EQUITY
NEWR,"New Relic, Inc.",2020-05-14T16:05:00.000Z,TAS,0.03,0.14,311.76,EDT,-14400000,EQUITY
KOOYF,Kootenay Silver Inc.,2020-05-14T15:37:00.000Z,TAS,,,,EDT,-14400000,EQUITY
SFT,"Shift Technologies, Inc.",2020-05-14T17:17:00.000Z,TAS,,,,EDT,-14400000,EQUITY
INUV,"Inuvo, Inc.",2020-05-14T16:15:00.000Z,TAS,-0.04,-0.05,-11.11,EDT,-14400000,EQUITY
MIST,Milestone Pharmaceuticals Inc.,2020-05-14T07:09:00.000Z,TAS,-0.74,-0.67,9.83,EDT,-14400000,EQUITY
IZQVF,Indivior PLC,2020-05-14T07:00:00.000Z,TAS,,,,EDT,-14400000,EQUITY
PWFL,"PowerFleet, Inc.",2020-05-14T08:00:00.000Z,TAS,-0.05,-0.16,-247.83,EDT,-14400000,EQUITY
MMEDF,Mind Medicine (MindMed) Inc.,2020-05-14T17:01:00.000Z,TAS,,,,UTC,0,EQUITY
MYO,"Myomo, Inc.",2020-05-14T16:19:00.000Z,TAS,-2.06,-2.51,-21.84,EDT,-14400000,EQUITY
IZEA,"IZEA Worldwide, Inc.",2020-05-14T16:09:00.000Z,TAS,-0.07,-0.18,-157.14,EDT,-14400000,EQUITY
JELLF,JEOL Ltd.,2020-05-15T02:00:00.000Z,TAS,42.6,43.84,2.91,EDT,-14400000,EQUITY
KUASF,Kuaishou Technology,2020-05-15T02:00:00.000Z,TAS,,,,EDT,-14400000,EQUITY
KMUXF,Kamux Oyj,2020-05-15T02:00:00.000Z,TAS,0.1,0.06,-36.84,EDT,-14400000,EQUITY
TSUKF,"Toyo Suisan Kaisha, Ltd.",2020-05-14T23:20:00.000Z,TAS,44.08,60.04,36.22,EDT,-14400000,EQUITY
NCSYF,NICE Ltd.,2020-05-14T05:30:00.000Z,TAS,1.33,1.34,1.13,EDT,-14400000,EQUITY
XNET,Xunlei Limited,2020-05-14T08:25:00.000Z,TAS,,,,EDT,-14400000,EQUITY
TOLWF,Trican Well Service Ltd.,2020-05-14T07:43:00.000Z,TAS,-0.02,-0.05,-100,EDT,-14400000,EQUITY
SSYS,Stratasys Ltd.,2020-05-14T07:30:00.000Z,TAS,-0.05,-0.19,-251.85,EDT,-14400000,EQUITY
WKSP,Worksport Ltd.,2020-05-14T15:28:00.000Z,TAS,,,,EDT,-14400000,EQUITY
NICE,NICE Ltd.,2020-05-14T05:30:00.000Z,TAS,1.32,1.34,1.82,EDT,-14400000,EQUITY
RYBIF,Ryobi Limited,2020-05-14T04:00:00.000Z,TAS,,0.73,,EDT,-14400000,EQUITY
NVMI,Nova Ltd.,2020-05-14T08:01:00.000Z,TAS,0.36,0.47,31.28,EDT,-14400000,EQUITY
SLGGF,SolGold Plc,2020-05-14T17:01:00.000Z,TAS,,,,EDT,-14400000,EQUITY
SUZ,Suzano S.A.,2020-05-14T17:28:00.000Z,TAS,,,,EDT,-14400000,EQUITY
SSMMF,,2020-05-15T02:38:00.000Z,TAS,2329.61,1280,-45.06,UTC,0,EQUITY
BMBRF,,2020-05-14T13:54:00.000Z,TAS,0.34,0.71,110.39,EDT,-14400000,EQUITY
THHCF,,2020-05-15T03:00:00.000Z,TAS,,29.48,,UTC,0,EQUITY
OPPPF,,2020-05-15T02:47:00.000Z,TAS,,75.48,,UTC,0,EQUITY
